event	E	sd	signal/noise	char_func_max
CMTSOLUTION_201308120949A	0.8327255531004835	0.0191194477036095	108.3282938310217	0.9903974858610536
CMTSOLUTION_201005241618A	2.340485905444509	0.1415452886667578	407.999107830891	0.7540223937504604
CMTSOLUTION_201402101206A	0.888533446758575	0.19719462318747125	15.953220703224144	0.8503988561824991
CMTSOLUTION_200802141009A	1.0344047260401126	0.05585156884339482	4502.6812328873475	0.9739044072850593
CMTSOLUTION_201003111439A	0.8831376078920053	0.025293315764597524	3533.8172821223725	0.9836178590141176
CMTSOLUTION_201201101837A	1.2262457032446794	0.09383160899349713	1036.586765629221	0.9482414739535822
CMTSOLUTION_200906062033A	0.8317395230167971	0.024851688809723035	935.6338329325457	0.9820587302550022
CMTSOLUTION_201304060442A	1.1502012045268677	0.05357397061952788	2128.8491193321497	0.8907603989871085
CMTSOLUTION_200810122055A	1.0273464643564356	0.04765928314016964	108.65216128308322	0.9799843588495916
CMTSOLUTION_201208261505A	1.100173796143561	0.1811379442960044	443.36880769718914	0.7845305433490184
CMTSOLUTION_201111072235A	2.3480733043986124	0.27479896394301717	85.03386546203278	0.8926450896511408
CMTSOLUTION_201103112011A	0.9623588769816811	0.01315098934381653	41.333649526116474	0.9914700279570441
CMTSOLUTION_200907040649A	0.7820026703848963	0.025218681142585568	256.5387569149745	0.9715612118459451
CMTSOLUTION_200802131958A	0.8746868617706844	0.0701576481865655	147.14442877104227	0.641796308441089
CMTSOLUTION_201304201312A	0.8744343493276209	0.06027815263289663	439.60297095015505	0.9986636036433898
CMTSOLUTION_200905191735A	1.0616241228925327	0.0511244954836797	82.79627271208992	0.8265799418756825
CMTSOLUTION_200811240902A	1.9645378997055158	0.20203429876774537	2442.843792191019	-0.8107627637613637
CMTSOLUTION_201305140032A	0.7816403548589134	0.15902624777080573	213.2015279696859	0.950079572188495
CMTSOLUTION_200808100820A	1.4154477385800375	0.049150676349883085	966.5346877731595	0.7503183854462524
CMTSOLUTION_201102120117A	0.8386806901000275	0.08624409564369079	13.968196617289948	0.9932226861453627
CMTSOLUTION_200807080742A	0.6800867354603196	0.03294721410784167	1348.1394621516586	0.9911130115240618
CMTSOLUTION_200906162005A	1.4716901994771965	0.07050466345566744	302.7686538128096	0.8304850540458428
CMTSOLUTION_201101022020A	0.7065192907505513	0.07904774500259498	3119.705105742233	0.9887858465012643
CMTSOLUTION_201004042240A	0.7826234058168338	0.03612791232923627	2169.9522598237045	0.9514758020879686
CMTSOLUTION_200908280151A	1.0427031904941824	0.03481444429284746	1690.3922000112361	0.6979815797379649
CMTSOLUTION_201204150557A	0.5322100619196131	0.06952739650855319	270.625663478208	0.923319869615372
CMTSOLUTION_201307041716A	0.7726992119940126	0.013503563623838604	169.475152299982	0.8464712613063826
CMTSOLUTION_201012151129A	0.9064820971690464	0.21516232698472668	50.91612210930573	0.8988302374149543
CMTSOLUTION_201310041726A	0.7423851427261849	0.03260817744812646	661.7328601329463	0.9527811558203799
CMTSOLUTION_201306061153A	1.0277165222135394	0.14029235829699982	48.414063116108856	0.7353516985465003
CMTSOLUTION_200804190312A	1.1417872208030244	0.21396700556717851	129.90381679495653	0.8581163564491572
CMTSOLUTION_201009270008A	1.136227349380891	0.04912037991495477	311.71657051476245	0.9670041229873424
CMTSOLUTION_201401282222A	0.8539676212846391	0.008846782247487112	94.35143009025339	0.9913421661315551
CMTSOLUTION_200806050216A	0.8164988304960821	0.0946858644558883	208.82171183964033	0.9350949194721349
CMTSOLUTION_201111300047A	1.3957268186304417	0.11525022212879857	156.8294433924346	0.6651412244818045
CMTSOLUTION_200801090826A	1.7050451380621765	0.17951117955771373	2198.275416473861	0.7352199888773228
CMTSOLUTION_201210141013A	0.6588056208958093	0.15893407897436537	229.40296160572103	0.8611651418282977
CMTSOLUTION_200808042045A	DiffNPTS	DiffNPTS	DiffDelta	DiffNPTS
CMTSOLUTION_201004302316A	0.7692819805050418	0.07077741187955888	5309.1797114010105	0.8580318065642967
CMTSOLUTION_201004231003A	0.9665594830385311	0.02907872925610194	355.2870690478935	0.9594936437836986
CMTSOLUTION_201310312303A	0.7794196502444998	0.07273832697921412	577.8769537949042	0.9961302702055115
CMTSOLUTION_200904070423A	0.9635777846762669	0.04267009275094558	9256.786700280047	0.9750829639960141
CMTSOLUTION_201204112255A	0.6683687447419671	0.0645575855622803	1353.8204258439328	0.9678727131182961
CMTSOLUTION_201301302015A	0.8955018492498293	0.09528678786785798	1180.9703156811247	0.9508703327941253
CMTSOLUTION_200912100230A	2.0276135273134206	0.5775744888517137	18.774961552624845	-0.6018284023522816
CMTSOLUTION_200907061453A	0.8674172587499052	0.016768811270030926	280.73501325215136	0.8495582098975925
CMTSOLUTION_201105280547A	1.0211120806025586	0.06891429752234308	41.777101226593814	0.7379158719953856
CMTSOLUTION_200908031800A	0.8851667078329228	0.07416010647246528	14427.775537559344	0.9780553936955207
CMTSOLUTION_201006010326A	0.9297495658982805	0.02437631861847567	444.6487558967492	0.9929520297219127
CMTSOLUTION_200805201353A	0.8794753764516747	0.07647254101253989	496.5244730499346	0.7457093239941671
CMTSOLUTION_200808262100A	0.7358472633764285	0.0759909260231761	365.908592446296	0.6912653471234201
CMTSOLUTION_201005190415A	0.8703416683428163	0.22496597909613927	119.54517160116612	-0.6124280686697423
CMTSOLUTION_201204171903A	0.7673078084302131	0.06163043285575635	268.7846536759522	0.9945168510681368
CMTSOLUTION_201206070405A	1.0093934164938023	0.010423470139904547	454.86508329317763	0.8918397532933287
CMTSOLUTION_201308070906A	0.9806472508702738	0.04298676899486803	274.0168862555573	0.92932047602306
CMTSOLUTION_200908031840A	0.8899769629160292	0.06882864182021413	2143.650939810715	0.9453092340644434
CMTSOLUTION_200906191405A	0.9467376753792207	0.09727950382185042	1418.3989051760736	0.8504723905698598
CMTSOLUTION_200810301515A	0.8918124055276022	0.02920384688763879	117.36037686005042	0.9420287047055853
CMTSOLUTION_201402180927A	0.7171854394167367	0.025832544356296686	619.0754223567144	0.9796703554772784
CMTSOLUTION_201107160026A	0.9524512245934906	0.01527750769238314	400.43109749781235	0.9979095625745528
CMTSOLUTION_201104071311A	1.979286422796648	0.05098941362962202	10795.023446190724	0.6164339571066788
CMTSOLUTION_201002271900A	0.9478865335896843	0.01384770166308481	15.419799719371559	0.9819347330373124
CMTSOLUTION_201306242204A	0.7656568779031498	0.02943346668045137	3268.415308904242	0.951978379504748
CMTSOLUTION_200908171011A	1.1196282596007714	0.05854082027348637	2566.74876760156	0.8679126348975607
CMTSOLUTION_201302010536A	1.0880481601420724	0.21920436914401523	43.33501193585258	0.9413165054568162
CMTSOLUTION_201201151421A	0.7090108673685442	0.09830716730423789	352.2663279308333	0.8363320797332108
CMTSOLUTION_201306050447A	0.6924723512496069	0.09554262273557253	313.4943662718201	0.991010088146463
CMTSOLUTION_201001220046A	1.0630334609597767	0.047091715969390026	364.1864015870966	0.8559258344085025
CMTSOLUTION_201003051147A	0.8141778062011995	0.007408598992839679	648.985444430404	0.996316144744786
CMTSOLUTION_200802270654A	0.6687439747132652	0.05569277106672017	213.5051876480565	0.9754096592509153
CMTSOLUTION_200905120126A	0.7938917677647584	0.07882047881018926	95.9879967986968	0.9249542722124207
CMTSOLUTION_201106240309A	1.34414100431095	0.13668431684440158	6953.242251955764	0.9914292159027129
CMTSOLUTION_201310121311A	1.2594268583299533	0.04929626601880487	8478.315939464886	0.8796504513447213
CMTSOLUTION_201112271521A	0.8174408419801744	0.03297865463428431	5813.370271660857	0.9634989344941542
CMTSOLUTION_201204200121A	0.7245676082112571	0.07008092302816275	69.74535554623164	0.9108215546910169
CMTSOLUTION_201310311202A	1.3718716607805426	0.25484945233882883	523.7165903261578	0.9724929294447937
CMTSOLUTION_201109181240A	0.8097344800330518	0.0802067879749363	1493.5862935770251	0.783358929335969
CMTSOLUTION_201002180113A	0.8597884620245194	0.016383755058392527	340.47151282057166	0.9176512635484364
CMTSOLUTION_201109091941A	0.6481562478960092	0.02031564384077385	1733.2210704519402	0.9472818924475608
CMTSOLUTION_201107161959A	0.9477609795864852	0.010498904667721331	45.750413855120556	0.9803683868139821
CMTSOLUTION_200909020755A	1.5176089267549198	0.02965544773091304	4615.744198970295	0.893432622262671
CMTSOLUTION_201011031118A	1.1103253400751407	0.3271916204754082	59.5778016431833	0.9593225021136481
CMTSOLUTION_200905100116A	0.7356664531218922	0.03721852779572975	188.80555925612083	0.9737229454745844
CMTSOLUTION_201304051300A	0.7969242341079182	0.0720539562782839	114.51073644591789	0.8948310072226996
CMTSOLUTION_201003031744A	0.8206176354952919	0.009476928424802767	962.642905879	0.9810584202241298
CMTSOLUTION_201001032148A	0.786048183047676	0.07435976859769833	2565.3421256914844	0.9912134969356665
CMTSOLUTION_201211161812A	0.9586735759637259	0.11505905795534255	2193.448340996144	0.9710170421619637
CMTSOLUTION_201007181948A	1.092362176716301	0.06686174460764845	111.56020523527262	0.9719043825127567
CMTSOLUTION_201103130126A	0.8894386837094972	0.007263192424192218	155.88246550707214	0.9119946161640611
CMTSOLUTION_201208101837A	1.1070081064512873	0.14296113942906372	1515.2936538558902	0.9261698185568387
CMTSOLUTION_201310251710A	1.0732976357850392	0.027389930623328913	14521.060737055477	0.9300579980702303
CMTSOLUTION_200912170137A	0.7873425393151811	0.021714875339088054	696.2916550470637	0.930651926993904
CMTSOLUTION_201205070440A	1.0225645749933254	0.22614739314948934	797.9313317689446	0.7860556633212604
CMTSOLUTION_201211190944A	0.7337870745471081	0.030391054305826518	158.45806307472577	0.9634636399713793
CMTSOLUTION_201001032236A	0.7867173400056829	0.08279687228366947	1438.0171588183136	0.987780796197711
CMTSOLUTION_200802250836A	0.8996992684543937	0.06236271810448939	2790.2598292697594	0.7010959733483995
CMTSOLUTION_201210300249A	0.5465152911670954	0.056431365235926984	3092.2914694034725	0.939283068679297
CMTSOLUTION_201104091257A	0.809115517310087	0.0147513521314888	783.9568297453479	0.9644483031760422
CMTSOLUTION_201005232246A	0.872030221494184	0.07142161718969431	31.76726583474256	0.9605521194997153
CMTSOLUTION_201203252237A	0.8747710898758679	0.03611478368929763	7879.232990670705	0.992702803266936
CMTSOLUTION_201109021347A	NOT FOUND	NOT FOUND	7.271289968376399	0.48815883042072394
CMTSOLUTION_201011100405A	NOT FOUND	NOT FOUND	499.561794084348	0.5018199578066816
CMTSOLUTION_200804231828A	1.159303136891355	0.08964563207541293	606.8153677544109	0.9070807860696858
CMTSOLUTION_201310120210A	1.1069194583670232	0.017075526071625186	117.0726080667334	0.9691404845579754
CMTSOLUTION_201004132349A	1.6443128281603492	0.19295131179851882	6176.697709822558	0.6853529634516212
CMTSOLUTION_201304140132A	0.7962552810752082	0.028253112220333887	821.2802857537615	0.9929291865857062
CMTSOLUTION_200805071602A	0.9518390362002975	0.026654642906908152	10475.043458883225	0.8038894784249826
CMTSOLUTION_201310150012A	0.953371749073013	0.10705800092837653	3344.0257621222154	0.9254951242648315
CMTSOLUTION_200805071616A	0.9467894140163752	0.04863652836289762	11263.756307798476	0.7436245413839234
CMTSOLUTION_201102101439A	1.633956292466214	0.09993038562562684	33.366838117261054	0.8618378867019424
CMTSOLUTION_201309280734A	1.7509206503335932	0.051887546078878244	9471.02799311896	0.871180477337119
CMTSOLUTION_200903161415A	0.8606660932994108	0.06481354315145696	657.3637087716852	0.9741734718736943
CMTSOLUTION_201310161031A	0.7012104758016906	0.030699036627937656	1595.5141812984057	0.9289951367998327
CMTSOLUTION_201208111223A	1.048251746399165	0.02153354676733176	5804.962248315811	0.8444000627922352
CMTSOLUTION_201402120919A	0.8897162940132268	0.17343785428564712	6372.924668076232	0.8271652314287784
CMTSOLUTION_201005141229A	0.6551976898345194	0.07803134000323776	709.6866386958327	0.8881566132896973
CMTSOLUTION_201006160306A	1.184406089220959	0.1968031493670434	2316.282484149342	0.9731535964201292
CMTSOLUTION_201001050455A	0.8149581036016981	0.03709167844969691	1129.5065292263102	0.9920691368477789
CMTSOLUTION_201206040045A	0.7576956258358976	0.020693865226053963	472.85538525517035	0.9981423631732599
CMTSOLUTION_200909240716A	0.8529281823392454	0.0965587207599663	1270.1573249802614	0.9163583707889872
CMTSOLUTION_201206140552A	0.7800795569088255	0.15445853930254488	49.30319554072962	0.9079060361092297
CMTSOLUTION_200811021348A	1.0083289352282878	0.10628880915254212	414.44970716818045	0.9556569739861408
CMTSOLUTION_201103090245A	0.8002768188063561	0.01222775125890635	18018.153690072973	0.9761969129516084
CMTSOLUTION_201211071635A	0.7735996161476233	0.06349085868542198	8774.62275477994	0.9559809819363898
CMTSOLUTION_201309040627A	0.8914059996336243	0.06367671514164411	23.75613295953689	0.9856868572935492
CMTSOLUTION_200803031411A	1.1433678319464022	0.23210722046183113	384.29907412229915	0.952635189306432
CMTSOLUTION_201312010629A	2.065126614160719	0.029591799566577114	110.23623797524587	0.8875387113186908
CMTSOLUTION_201005260853A	0.8039233700191449	0.10690492448796647	2500.6741513537754	0.9295804453693843
CMTSOLUTION_201004022258A	0.7573254676674602	0.007484044586555073	258.0534285943287	0.9897479620985501
CMTSOLUTION_201010251937A	1.8726710004016984	0.11293246359246718	18.644051527253634	0.8962742746563194
CMTSOLUTION_200902120830A	0.825625667463881	0.07821889180666645	127.38017259770267	0.9159359570650063
CMTSOLUTION_201304200002A	0.6609823176472479	0.023206286990600226	2600.674931738561	0.9726099783957571
CMTSOLUTION_201204210116A	1.034956521987455	0.10838627722981205	248.1384130993481	0.915861976182265
CMTSOLUTION_201011030056A	1.386607353555524	0.15619305012931797	212.6854841879341	0.7470654923969345
CMTSOLUTION_201003241411A	0.9297280278266096	0.023197938710649717	32.20951821986721	0.8987750508524467
CMTSOLUTION_201204141056A	0.8225985819948297	0.031250914453463056	302.9124194751794	0.9503533950659786
CMTSOLUTION_201305241456A	1.6665851263224045	0.1645795123841708	427.64244184454293	-0.7404276939292115
CMTSOLUTION_201204170713A	0.7882608848000792	0.0018316186476496218	71.38102455079473	0.9850541127197774
CMTSOLUTION_201203140908A	0.8182125356749271	0.014143027462354877	5018.587825370571	0.9426437468348201
CMTSOLUTION_201002231025A	0.7169442352407116	0.0854107161836652	46.76965381160427	-0.9268638257297
CMTSOLUTION_201212070818A	0.6061561733400888	0.05118334932168096	19075.789735916125	0.8292858628251701
CMTSOLUTION_201003081112A	1.9397639215749254	0.13545998999922493	5.6936407611034685	-0.9408561044142293
CMTSOLUTION_201002262031A	0.6793706339521653	0.05321873887787139	9871.499771257622	0.830492387602459
CMTSOLUTION_200811071604A	0.8309322251324508	0.023358009860226677	192.21284179718072	0.8877130342560926
CMTSOLUTION_200808270135A	0.714621782990772	0.06513382618156104	6291.174029317336	0.9488994976395835
CMTSOLUTION_200902281433A	0.7959136112947011	0.06247828781217761	657.2021256236072	0.9772672896788914
CMTSOLUTION_200806031620A	0.7521054060092832	0.11098509573002677	218.37505111933697	0.9804092834387448
CMTSOLUTION_200810281600A	0.7187797215813331	0.09294786097702244	93.56521627177302	0.9513986372937845
CMTSOLUTION_201207250027A	1.850813089083495	0.023017632901916163	1031.7861367631426	0.949795062699717
CMTSOLUTION_201311120703A	1.0015847023856064	0.04962060522767267	429.9389093484957	0.9687956082284092
CMTSOLUTION_201204120706A	0.8447815008817506	0.041852751767324115	14537.999959154044	0.9937884847754984
CMTSOLUTION_200801051101A	0.8055727865597212	0.011680285541603332	1222.044552299146	0.9776441164999533
CMTSOLUTION_200809101308A	0.8977796891133035	0.0374651480681393	687.0461223607896	0.9896414944157085
CMTSOLUTION_201304191958A	1.1466273024391376	0.038170179736466525	213.95813834491756	0.9618545161630516
CMTSOLUTION_200912192319A	0.7651091904697137	0.06153127956949384	139.75170137797863	0.906194861639235
CMTSOLUTION_201108102345A	0.785696056226701	0.06080228594455412	637.4094538559925	0.9834897846607402
CMTSOLUTION_201208121047A	0.9310782862316018	0.04333764274995097	1244.6740382291978	0.6751609935906931
CMTSOLUTION_200810282309A	NOT FOUND	NOT FOUND	930.400830317604	0.5102446952257577
CMTSOLUTION_201007120011A	0.811785540236884	0.03181665816762725	411.1152554038282	0.9460265058700867
CMTSOLUTION_201110281854A	0.8020644440825389	0.04675956903467665	4168.190932999624	0.9962641534350144
CMTSOLUTION_200912091600A	0.99838873050558	0.06225509570259239	72.48686225956273	0.9536048212604059
CMTSOLUTION_201008142301A	0.7491854818213662	0.06141705267319427	1384.103811112474	0.9900101370176054
CMTSOLUTION_201108171144A	0.9037417802351976	0.08226084838083128	1302.2562182877796	0.896879822236104
CMTSOLUTION_201206191556A	1.3795136036156972	0.16457962276864732	230.34008660290039	0.8375496137686685
CMTSOLUTION_201212070831A	0.6197006641260746	0.038603027164654004	21235.884192681053	0.868979924229459
CMTSOLUTION_201110232045A	0.805241776762019	0.026415847008786335	455.0122059887218	0.8763678910503561
CMTSOLUTION_200807050212A	0.7613776544979317	0.02197950150520908	10867.025929161118	0.6002608847218605
CMTSOLUTION_200904040531A	1.0861761409681014	0.10856005737922751	323.6077301513394	0.9276502703045273
CMTSOLUTION_201007232251A	1.7279007483947468	0.024979493739942585	320.23607373353997	0.7505865928738817
CMTSOLUTION_201107112047A	0.9573895342670771	0.11407514835865652	1557.0764787372202	0.7577828036304421
CMTSOLUTION_201003111455A	0.8896397633703099	0.026250057256431834	5391.223608900236	0.9565684608400721
CMTSOLUTION_201106230734A	NOT FOUND	NOT FOUND	1132.5489635362694	-0.05814568412278454
CMTSOLUTION_201205231502A	0.9798802339252849	0.013548535066955662	343.4425043298528	0.9955507755768915
CMTSOLUTION_200902162316A	2.468304140685376	0.07217156887683833	992.6550503689898	0.6335042586639099
CMTSOLUTION_200907010930A	1.27037108151873	0.26164287040116274	6435.53289896553	0.9020711205390558
CMTSOLUTION_200902120349A	0.69319716850072	0.08692652439555841	178.3978123608257	0.9191462523326284
CMTSOLUTION_201310191754A	0.8008166136151285	0.10335354638200286	4567.483753267614	0.7847190429311256
CMTSOLUTION_201205262148A	0.7950002145990582	0.019203063027130252	25.890154644874258	0.8564892780043472
CMTSOLUTION_200806032204A	1.1068281402203608	0.03974863969035478	64.77782040771869	0.8883651869820713
CMTSOLUTION_201102071953A	1.5230661045154825	0.11716832036549513	117.38456191610516	0.9339202263766202
CMTSOLUTION_201007201918A	0.6976364401161641	0.0819743251284435	147.3141270365842	0.9580172985736324
CMTSOLUTION_201303202228A	0.8769906543763323	0.040550377500526404	573.0395901144917	0.9742142991834991
CMTSOLUTION_201207200610A	1.251263552996031	0.08189138122079058	451.915861984456	0.9867638124242165
CMTSOLUTION_201105151308A	0.9896893095595355	0.16028776373454964	447.07054931020696	0.9249039723410345
CMTSOLUTION_201109141810A	0.9695314097500277	0.05117295174317596	212.13946183175028	0.9845408075667023
CMTSOLUTION_201311160334A	0.948633932776061	0.08736867574675386	790.8783770179109	0.9791410522265049
CMTSOLUTION_201301202332A	0.8350091106999773	0.045788641783803694	161.41087637017785	0.9831447257598038
CMTSOLUTION_201002070610A	0.9359044976769375	0.18158052043268486	1104.5218140448742	0.9111071118259776
CMTSOLUTION_200807240143A	0.743016131934	0.03717030375166494	1080.188210289755	0.9765247118623651
CMTSOLUTION_201206040315A	0.9241018503893447	0.02962204092711549	56.39994213115417	0.957858824645313
CMTSOLUTION_200807131458A	0.9557104365352557	0.19869654952031168	2950.54358190592	0.7889694814996356
CMTSOLUTION_201006240532A	0.8865506837088878	0.05576442529808724	36.3519179613494	0.9746411339782294
CMTSOLUTION_201206251305A	0.962838243933598	0.03963788814658994	58.38472729613796	0.9870100951294646
CMTSOLUTION_200907071911A	0.8161307727079504	0.02413598513795682	836.448989980027	0.9791890094601041
CMTSOLUTION_200803202233A	1.0036969466608863	0.1218803379436589	21798.11724594223	0.9156819740766006
CMTSOLUTION_201303240418A	0.7191585858433885	0.10385582436917509	199.43998922393038	0.9846500002318131
CMTSOLUTION_201201010527A	0.6813149132106803	0.03983161885271794	681.2441560180852	0.63362404870765
CMTSOLUTION_200804140945A	0.8620357252936247	0.3029262825568447	72.68560598232443	0.9264132053092898
CMTSOLUTION_200811221849A	1.2087423034717366	0.06017830391764275	25.745368294807598	0.784127318452483
CMTSOLUTION_200803030237A	2.1675866837030373	0.055845848521552256	167.49061686635446	0.6915611693357818
CMTSOLUTION_201203040331A	1.6227855103662485	0.10994498224031203	53.448318063794034	0.9235532265264643
CMTSOLUTION_200811010113A	0.6787604335704851	0.05435460874669466	31.48303972001885	0.9896272820451427
CMTSOLUTION_201112140504A	1.4093357388823369	0.16287751427631136	344.2733015307099	0.9022068319078841
CMTSOLUTION_201103251136A	0.9220978305560303	0.05246577332320188	261.3336070077091	0.975281180035235
CMTSOLUTION_201107261744A	0.6809367677843378	0.010963522937531354	362.20040885127105	0.9233464276709547
CMTSOLUTION_201202061010A	0.7772238027159174	0.10046113772440006	6.56815408931091	0.9761580284197071
CMTSOLUTION_201208140259A	NOT FOUND	NOT FOUND	14985.980214212888	0.26994960627928105
CMTSOLUTION_201003080747A	1.928652585939641	0.15987362288404336	209.47036824021188	-0.9501644632592529
CMTSOLUTION_201208180941A	1.2287536208785155	0.09014124268315303	360.0137322628992	0.9121265699867398
CMTSOLUTION_201301281638A	1.2032233567095272	0.2610795759932285	249.14909322303856	0.7422476498111693
CMTSOLUTION_200809240233A	0.9840454194943293	0.0577367761920372	1144.4164963570336	0.9640442385479375
CMTSOLUTION_201210120031A	0.636796902726494	0.026115154963417028	1319.5075665492604	0.9641135616049589
CMTSOLUTION_201007140832A	0.854923783352069	0.060261372033866036	2426.3430463263853	0.9728950190144425
CMTSOLUTION_201306151734A	0.872070464947707	0.010784826871714866	96.12202104033068	0.9451019611228081
CMTSOLUTION_201105151837A	0.8528672506541407	0.03747423224129231	782.3534111758462	0.9303634609073695
CMTSOLUTION_200806222356A	0.8983631728564089	0.09216108662522249	193.92338871825166	0.9921212753428196
CMTSOLUTION_201109021055A	1.1500308081516732	0.07420193424232757	3153.2484373894454	0.9219788783357776
CMTSOLUTION_201107100057A	1.6546862872011938	0.05634596417036412	2576.642781841045	0.9519992446855533
CMTSOLUTION_201008240212A	0.9472671139640065	0.1336890654539165	307.586023728616	0.9203068203921085
CMTSOLUTION_201402010358A	0.8602481872989294	0.027719658452996544	22.775462219063776	0.9485726053752956
CMTSOLUTION_200811161702A	0.5757599869362722	0.0737840243391871	5317.367269361994	0.8951569806982582
CMTSOLUTION_201312172338A	1.3758076367106675	0.09097066532828567	182.54638832272354	0.8839320508365046
CMTSOLUTION_200807191101A	0.9053823084605045	0.04254890549211465	12.596199680522854	0.950898443132403
CMTSOLUTION_201002281125A	0.863684416468806	0.029046656179734443	271.36515269076267	0.9951357944409917
CMTSOLUTION_200908280152A	1.0728410998275002	0.027381205867508848	1616.596321214528	0.7505141076619557
CMTSOLUTION_201004260259A	1.327452789089161	0.3158708768663056	3518.1000077365534	0.9243292178891445
CMTSOLUTION_201402262113B	0.5264999719765626	0.007024715770940812	57.57347312102967	0.7715621779959468
CMTSOLUTION_201209190917A	1.8793191920286023	0.26400964168535496	31.268900454416006	0.922432860837613
CMTSOLUTION_201003051606A	1.9512005485833523	0.3047838528078069	446.10123795727077	0.6355047303971162
CMTSOLUTION_200908122248A	1.2968005262144653	0.3261218168866504	898.2535760524459	0.729132447023097
CMTSOLUTION_200803030931A	0.9026077029411604	0.03504520990315857	2594.8962161816066	0.9753359769987218
CMTSOLUTION_201003050919A	0.8388338338940671	0.014206239454191145	384.2613891816137	0.9977421325232796
CMTSOLUTION_201005032309A	0.8586808790341791	0.035061752821218345	1486.3224661974223	0.9976031697589315
CMTSOLUTION_201302060123A	0.46174711988512473	0.02317820586991646	568.9897202060865	0.959784948557872
CMTSOLUTION_201003080947A	1.7485417395001763	0.0669653884851891	12.25393565218677	-0.7007937407429546
CMTSOLUTION_201003070705A	1.2637162939049633	0.15191625961872632	50.358844442144004	0.9254353510481187
CMTSOLUTION_201302170542A	0.9927160918198794	0.0505852803149193	126.87161811036249	0.8937595600688597
CMTSOLUTION_200906231419A	0.8186527252358694	0.013028142094515308	583.6574161483225	0.9970440584556437
CMTSOLUTION_201111091923A	1.3548619908047572	0.11659253724846026	717.0522528408687	0.9586461709316821
CMTSOLUTION_201309050401A	0.6329553010655243	0.015272093112999974	1850.3446756207309	0.9780546186781113
CMTSOLUTION_200802101222A	0.8797483738589981	0.01233269586183108	223.0559946513867	0.9750174296129304
CMTSOLUTION_201307212345A	0.7862404932169945	0.04193694116017852	1530.6079647607116	0.9085001834898387
CMTSOLUTION_201304210322A	0.9221378997689903	0.06883686781647873	122.04482452939342	0.9873698357619377
CMTSOLUTION_201205280507A	NOT FOUND	NOT FOUND	768.9622641472765	-0.35787776895131207
CMTSOLUTION_201209220352A	NOT FOUND	NOT FOUND	88.57402805162756	0.5981119144906047
CMTSOLUTION_201308301625B	0.8908505754566434	0.019252950950113264	9662.799775563328	0.9835058042764677
CMTSOLUTION_201105132247A	NOT FOUND	NOT FOUND	742.7036947174261	-0.49841852039444945
CMTSOLUTION_200907131805A	0.8870117175807682	0.03777698662150721	9499.193829666197	0.990507903132229
CMTSOLUTION_200811100122A	0.9387357294031269	0.07639538794346751	1495.156656617788	0.8800474565291053
CMTSOLUTION_201309300816A	0.8587045725752436	0.032692307026009726	9.334521563940601	0.980699987154459
CMTSOLUTION_201009291711A	1.1522968514480822	0.14876575160864533	2368.967501896042	0.9096539971096804
CMTSOLUTION_200802201827A	0.9293112093200578	0.14598000541797326	10167.143616475007	0.7406244965672292
CMTSOLUTION_201107190713A	1.868082348356414	0.01706131393098733	102.27178402956356	0.6707208657217725
CMTSOLUTION_201110231810A	2.4806197149906972	0.13340640802529014	420.01636269433436	-0.7435255215240937
CMTSOLUTION_200909172321A	1.002996527872104	0.05190468010506106	423.0196784770901	0.868224722231182
CMTSOLUTION_201107151326A	1.1209765366031064	0.04551335445130949	34.48315962291478	0.9338279854904596
CMTSOLUTION_201104242307A	NOT FOUND	NOT FOUND	644.1530292725997	-0.1320400889007355
CMTSOLUTION_200805310437A	0.6383111932504326	0.03512817181500655	905.0931835543306	0.8688552813319471
CMTSOLUTION_200812182119A	0.9160075708529809	0.021490888110167444	462.55963861385266	0.948734775493982
CMTSOLUTION_200805020133A	0.6090814658740092	0.10790667293350358	4118.089373809761	0.8485089195290466
CMTSOLUTION_200804241214A	0.8327543303089063	0.044504539568868746	344.29809351518975	0.97169491926508
CMTSOLUTION_200908100406A	0.7366433577845636	0.09092424121926679	1265.3779263024153	0.992979950891261
CMTSOLUTION_200804152259A	1.101090039035132	0.06611055607747664	2872.925257413029	0.8977985903896714
CMTSOLUTION_201206020752A	2.592538206601149	0.31229613827176056	50.84621591849178	-0.9589363142968482
CMTSOLUTION_201206240315A	0.7020200599599417	0.04688729303272418	434.95972359829716	0.8187393568198228
CMTSOLUTION_200810161941A	0.8234590621041606	0.050326609029899314	2300.404243831241	0.9857270247012947
CMTSOLUTION_201206101244A	1.0016071930273625	0.0595663794744483	3325.416241949023	0.9377848047128055
CMTSOLUTION_201210012221A	1.2612937716658095	0.10703691049100852	1430.4414580662433	0.975009446580308
CMTSOLUTION_201203201756A	0.9771674909764388	0.02749048645078473	37331.62977530496	-0.9270481866931486
CMTSOLUTION_201203261812A	0.940234973715296	0.028944680021282556	68.04989132582661	0.9645365708711168
CMTSOLUTION_200801100137A	0.9237985763660554	0.03799759243182127	860.382055297232	0.9318829479713854
CMTSOLUTION_201210081143A	1.0811976219739754	0.13742016986218575	245.97475799343533	0.8923767802461654
CMTSOLUTION_201003282138A	0.9001410131189537	0.02777688783295062	317.6670369450176	0.9906928236157035
CMTSOLUTION_201307071835A	1.1455476823229698	0.10129256346600855	744.1948955124842	0.9135461103440005
CMTSOLUTION_201301081416A	1.5051124955616109	0.11854004262043212	1034.1663642459143	0.8546123099189693
CMTSOLUTION_201110231041A	0.8794617362778447	0.13938533662086075	61333.41116205858	0.83465353995168
CMTSOLUTION_200901130104A	1.7344132496699447	0.18907165667972767	26.46237431175041	0.8184692515121269
CMTSOLUTION_200806300617A	0.6865561181716152	0.01973728799831058	3089.505184455068	0.9468902684401407
CMTSOLUTION_200803151443A	0.6806766678376481	0.09276357319806762	196.819770317549	0.874443087115293
CMTSOLUTION_200803201410A	0.6698062284315197	0.020181349390949635	93.66365941462561	0.8524916685299675
CMTSOLUTION_201004240741A	0.6781475561395047	0.05995251453176995	88.94871179699327	0.8597986092239304
CMTSOLUTION_201304190305A	0.9924191261832291	0.10410509897577036	2877.5090984243398	0.97891247808026
CMTSOLUTION_201108161103A	2.5582610687845024	0.17657348775373344	109.49032055774296	0.8974773284908608
CMTSOLUTION_201307220701A	0.9415497815143062	0.07292229225467524	1628.271027798011	0.9819408303082375
CMTSOLUTION_200812250320A	1.3170682831943699	0.26890274229388433	40.65259358715737	0.8067169173603866
CMTSOLUTION_201108300657A	1.112314205059842	0.11952482303179617	831.0989804462872	0.7060310503751306
CMTSOLUTION_201003151108A	0.9267737045185431	0.011787397873823014	77.42021773646141	0.9976628844951856
CMTSOLUTION_201005160652A	0.6361514250012457	0.10142136088758986	42.46245715151663	0.9406873294877728
CMTSOLUTION_201111142208A	0.7489605073710864	0.007096539085425415	34.867370351626846	0.9972947943805872
CMTSOLUTION_200807080913A	0.7561894135811086	0.01590675311216157	18.11579556773131	-0.9526334237824496
CMTSOLUTION_201306020543A	1.0185175657071943	0.039796290119703044	1278.917945725295	0.9879287054060328
CMTSOLUTION_201110292224A	1.2750182543641735	0.09330879129268087	9.505777426918684	0.8112349461936086
CMTSOLUTION_201011030251A	0.41196149482288014	0.011575348497084713	28.650118049636255	0.9358115182986992
CMTSOLUTION_201302221201A	NOT FOUND	NOT FOUND	30.553296049501785	-0.30326594475114926
CMTSOLUTION_200805071645A	1.0474514045347723	0.04178914308480601	794.707532282584	0.8538747846585459
CMTSOLUTION_201211112215A	0.7759042684480251	0.02099951605831338	450.7240003013276	0.9914524349327747
CMTSOLUTION_201307072030A	1.1357772014150125	0.0673993346425822	5.572560798720591	0.7717548552264991
CMTSOLUTION_201104211337A	0.9624671567714843	0.016348972388645976	386.822962624068	0.831592670574738
CMTSOLUTION_200906050330A	1.1402743996302602	0.06715187800832094	3888.6133703942432	0.9480379351810323
CMTSOLUTION_201105192015A	NOT FOUND	NOT FOUND	742.2712710268431	0.5206312871448124
CMTSOLUTION_201308211238A	0.7025415755197374	0.012632392263867802	574.2988512006	0.9907894923080579
CMTSOLUTION_201005090559A	1.0299313190163362	0.13641385075162218	6127.865851714512	0.868055447726772
CMTSOLUTION_201102112339A	0.8366072182489364	0.08560021009054569	32.92348359504142	0.9972807999926279
CMTSOLUTION_201206230434A	1.3640934671995106	0.03374497345410052	169.88295071531314	0.9698173455573247
CMTSOLUTION_201211141902A	0.8124443308420805	0.11728085370596993	295.89645156224014	0.9961160714292167
CMTSOLUTION_200909071612A	1.116848597600308	0.09532542131284033	201.49921035557335	0.8948576164933858
CMTSOLUTION_201307151403A	0.6896910967400012	0.06027758724287866	12042.497299618937	0.9943125174239638
CMTSOLUTION_200808281522A	0.9912975330470079	0.017552354155727652	402.16824953141725	0.6424151213785557
CMTSOLUTION_201309040232A	0.916207451807085	0.04246705153256117	152.2108672594328	0.9402160325821524
CMTSOLUTION_200806061342A	1.1221429130557135	0.31900307784679793	41.805400732549685	0.790651168568904
CMTSOLUTION_201403020937A	0.9281413935485318	0.01892133391750517	559.555073231196	0.9811423041108776
CMTSOLUTION_201102202143A	0.8977659878728671	0.06268880783194632	236.74084615252286	0.9105374602472962
CMTSOLUTION_201110060039A	0.9925474887239514	0.06416891118150954	34.9252459739356	0.9609457456808559
CMTSOLUTION_200808151025A	1.606971301537337	0.08124634445196899	321.4229549254802	0.7989888628773267
CMTSOLUTION_201309260118A	1.05986612026732	0.04468338205312348	128.97875891257087	0.9880899210003986
CMTSOLUTION_201009261212A	0.6442274063972395	0.041113826184020534	108.14119258341312	-0.9968498821188329
CMTSOLUTION_201001171200A	0.8481148916886694	0.058114282601625156	122.10117837485885	0.9375120434697092
CMTSOLUTION_201101290655A	0.9070963510379739	0.08377698949617479	4742.155937234114	0.9892745685005809
CMTSOLUTION_200906041725A	0.9870521013152092	0.03809382579392262	726.6865071093669	0.9598781888279998
CMTSOLUTION_201108311217A	0.8068439735571487	0.021854951469977277	118.67858325209464	0.9822344185093107
CMTSOLUTION_201311191332A	1.0200597877781807	0.14537023298412638	218.61765117476585	0.8623164426534621
CMTSOLUTION_201208301343A	0.8524915520019161	0.06533489371813565	9842.236403593859	0.9879226189553817
CMTSOLUTION_201103151523A	1.4154175104235085	0.21621955110561375	26.085637578340908	0.9609495332952238
CMTSOLUTION_200812061055A	1.2668678034275849	0.2580629869214136	111.31755613530814	0.9127325349860828
CMTSOLUTION_200803131328A	0.9181612735312151	0.07846696587163564	293.76937579830735	0.9684085311820034
CMTSOLUTION_201012201841A	0.9084016685319889	0.01900993448104774	348.09616357627493	0.8300506736714116
CMTSOLUTION_201006121926A	0.6774412533835721	0.03370662030125499	14137.65898604269	0.9755230507381659
CMTSOLUTION_201208192241A	0.8948714809233157	0.07897303048130798	72.71554402341772	0.9741902657805152
CMTSOLUTION_200806132343A	0.9327863420413556	0.08424755286836466	11641.400855982176	0.8804429318278454
CMTSOLUTION_200802231557A	0.8301677084305783	0.0940704354485164	462.12661342384365	0.903401131864791
CMTSOLUTION_201003250529A	0.6318912718531537	0.02081002476911413	203.5069165300315	0.8721540375890631
CMTSOLUTION_200812282259A	1.0360123853244163	0.048705924899591156	30.585571630056823	0.9158714485071683
CMTSOLUTION_201107191935A	1.02396806802521	0.01895142964929403	2082.1695665457332	0.980911379748159
CMTSOLUTION_200901031943A	0.7900659215461038	0.01296693940753704	5728.6256529378625	0.972556746092961
CMTSOLUTION_200905241617A	1.4768955930262302	0.33177292377417517	325.98421607387735	0.925897139563337
CMTSOLUTION_201209140451A	1.6190829152138655	0.12106285256511998	213.65626788876014	0.8822325808278612
CMTSOLUTION_201003140057A	0.652719425295165	0.03148467947785863	275.9083239921617	0.6060677884228134
CMTSOLUTION_201106261216A	1.0772848557239436	0.048760623102166785	1390.7817985671145	0.7921800294951679
CMTSOLUTION_201212101653A	0.7276040275036691	0.05750893787276725	2045.7461434017512	-0.7851641455202245
CMTSOLUTION_201109030449A	0.8042108494396981	0.03472260872620502	931.5885833483717	0.9881179094797865
CMTSOLUTION_201207260533A	0.37489418586460554	0.08307322267196474	546.8715682277876	0.8840744470846134
CMTSOLUTION_201307020737A	NOT FOUND	NOT FOUND	452.52034574771284	0.4949373704991098
CMTSOLUTION_201003201400A	1.8910272941767368	0.11186568424538655	258.7057896294465	0.7622696540784734
CMTSOLUTION_201008151509A	0.7272118249020803	0.16706815589505705	69.91746480949145	0.9106991574632972
CMTSOLUTION_201111231924A	0.9962970604596123	0.014870971751751812	374.72710298927007	0.9401386131892857
CMTSOLUTION_201007181335A	0.565506362964135	0.11503418663588959	7047.283335145756	0.9905466048107102
CMTSOLUTION_201109220322A	0.9851422933017262	0.029358906904390303	485.91514667040894	0.8332270315184771
CMTSOLUTION_200801040729A	0.5969102138921674	0.010099228831005324	25.467099136818717	0.990763182222246
CMTSOLUTION_201307060505A	1.7205758219366103	0.1047453636647385	396.16373590807973	0.8707580158682213
CMTSOLUTION_201308131543A	0.7268711861058373	0.015484091231509272	1058.9462568332385	0.9992797748993829
CMTSOLUTION_201103010053A	0.5970352308420593	0.04858878872045227	71.33016049719906	0.906029738023762
CMTSOLUTION_201007042155A	1.082708069192061	0.05001958919536284	1798.859351288649	0.8597706169620131
CMTSOLUTION_201110130316A	0.9538296027175855	0.05467809786851234	89.45326799373403	-0.798288053760874
CMTSOLUTION_201302012216A	1.063911695275549	0.0709160613900514	430.9953788147692	0.9903702415036818
CMTSOLUTION_200809180141A	0.7939523669373381	0.01331823197163726	327.07270196256366	0.9806566608546258
CMTSOLUTION_201108241746A	0.7870411384356855	0.04918949541385584	814.8509504012784	0.8488479386235906
CMTSOLUTION_201208020938A	1.0404846150025913	0.2020701107187618	196.4450758173498	-0.9539543785633687
CMTSOLUTION_201110180505A	0.7097496906895261	0.02643372556149146	207.4472672243789	0.9699449919433651
CMTSOLUTION_201110060003A	0.9868151874770351	0.07491268114432104	424.678762670497	0.8573969990117406
CMTSOLUTION_200810231004A	0.9324924179292279	0.011738429041883417	338.3231486420682	0.9115160665753387
CMTSOLUTION_201107230434A	0.8717225137430852	0.05210823773916793	908.269786765829	0.9636136962066879
CMTSOLUTION_201109150800A	0.9546201215600815	0.09138103645375335	1727.314741412531	0.903871120682324
CMTSOLUTION_200805291546A	0.8836220259441772	0.01814549372962742	10876.226440601316	0.9944124540464051
CMTSOLUTION_201101171920A	0.9314194020961225	0.03388262976664203	150.48741604362954	0.9558987180864997
CMTSOLUTION_200812172157A	NOT FOUND	NOT FOUND	20.69609909607433	0.22256740458053034
CMTSOLUTION_201112130752A	1.6116207519432122	0.07061865502783761	21.80185307655272	0.8786355658110965
CMTSOLUTION_201202140134A	1.5023041917250195	0.3101988348067887	126.22404137452921	0.8766205190443178
CMTSOLUTION_201103310715A	0.850399962691932	0.06230504695337637	418.4683877253119	0.9389214605676685
CMTSOLUTION_201010251442A	1.4223941219779268	0.224909589012018	2311.2351265211337	0.7362896682734609
CMTSOLUTION_201310011941A	0.8246092302888365	0.024967938501918387	541.0475514006434	0.9766900415772057
CMTSOLUTION_201008040715A	0.9824106275068792	0.03387143694950235	11.585213463306454	0.9745564110695618
CMTSOLUTION_200809110020A	0.8230114151364073	0.07932838611455774	15055.75934752433	0.9651348805587463
CMTSOLUTION_201303190329A	0.8342309330690039	0.01291277144580448	448.35222888419156	0.99708943272873
CMTSOLUTION_200803291730A	1.3519451708212715	0.13252558344192122	574.3621948258601	0.9303484446999
CMTSOLUTION_201205220000A	1.1435611745807717	0.18913585337606104	1299.7450755568286	0.9203581159292064
CMTSOLUTION_200802121250A	2.2668851428558203	0.22130674522108273	371.3869037976606	0.7617021029254164
CMTSOLUTION_201204170350A	0.9766341156756204	0.03478717997095949	3822.000588346876	0.9580091507617119
CMTSOLUTION_201007232315A	1.7309505784686	0.03431250396958839	51.59575939886508	0.8167986036398781
CMTSOLUTION_200805121111A	0.7492106364133047	0.014239064923243812	14.809336989743109	0.7916411793414293
CMTSOLUTION_201103111946A	0.9428160573069563	0.015390522672448795	51.608655307284195	0.9796337844200331
CMTSOLUTION_201306151611A	0.7242028376486357	0.02329842814866155	2941.8321438976654	-0.9765689349160468
CMTSOLUTION_201210170442A	1.1253381299593037	0.03025742245301793	21.96432129920513	0.7790715911920415
CMTSOLUTION_200905031621A	0.8628941219494697	0.008222970910899224	127.71086524381839	0.9902205334613298
CMTSOLUTION_201208311247A	1.3268048429133075	0.018270052798571836	16217.446025974568	0.9967532313027663
CMTSOLUTION_201103151331A	0.977819220106534	0.017510190191498222	93.86152907230291	0.9415228868215109
CMTSOLUTION_200807231526A	NOT FOUND	NOT FOUND	603.6354472938499	0.5812232326088554
CMTSOLUTION_201103220944A	NOT FOUND	NOT FOUND	197.25578509664192	0.4020047014174994
CMTSOLUTION_201108041351A	0.8634926943942646	0.14691989870969085	391.5536418850181	0.9409263544829413
CMTSOLUTION_201004112208A	1.5906006260212668	0.09575076898756602	1165.4226367565223	-0.9131037907898969
CMTSOLUTION_201204021736A	0.7522702394489866	0.02517494190670708	738.1081625168039	0.9799722621918404
CMTSOLUTION_201212150449A	0.7893799239765319	0.07616270952036613	132.03930379770222	0.9853450478266395
CMTSOLUTION_201104112308A	0.8192003858706312	0.09103582847990731	1828.507126690029	0.8388610874160616
CMTSOLUTION_201012020312A	0.6050416115242075	0.0453531108077825	2441.821289503599	0.8653415476541052
CMTSOLUTION_201210280304A	0.8295171093303427	0.007279493219946053	14306.881063778452	0.996515142903508
CMTSOLUTION_201008132119A	0.7372786578245833	0.04462255302495529	15204.172151975572	0.9852936438828422
CMTSOLUTION_201212110618A	0.8225587559901064	0.07475019604446127	61.439699054985184	0.8888929402876485
CMTSOLUTION_200903122323A	0.7269614698084091	0.049391830399636696	222.39389929080227	0.9377689826297798
CMTSOLUTION_201111082205A	0.8083343463745507	0.023972038426712586	109.71088997314303	0.9790624106051251
CMTSOLUTION_201103111859A	0.9191167956510788	0.013249058507256719	46.341686969029226	0.9872333949355421
CMTSOLUTION_201005311951A	0.856867739826848	0.2982520742068919	343.7005377830884	0.8079765954463842
CMTSOLUTION_201203271100A	0.9315499763754943	0.01496727124162257	589.9520490457926	0.9383210545643336
CMTSOLUTION_201003080232A	1.442664300275175	0.15349552432700606	1372.943095057072	0.9253960419160929
CMTSOLUTION_201302012218A	1.0573449792690548	0.07045199123515196	401.27344678443205	0.9928874699350404
CMTSOLUTION_200902170528A	1.2816967892754867	0.030093445294202614	8.908332318682518	-0.9759162185652568
CMTSOLUTION_201305190907A	0.9121028736426636	0.039413345019407235	809.4493475820079	0.9878937961824853
CMTSOLUTION_201008221023A	NOT FOUND	NOT FOUND	438.1280835379106	0.5372003951006985
CMTSOLUTION_201005031027A	1.096508503197267	0.15339681364218538	117.28846550825787	0.9053161560235718
CMTSOLUTION_201103101708A	1.8119992824996054	0.16362067767555755	121.02485737674235	0.7315510807943265
CMTSOLUTION_201209252345A	0.9335860694347266	0.02165946784352103	1198.2679491948772	0.988864608269552
CMTSOLUTION_201204210125A	1.068382924328571	0.11034145350937663	296.94717659366916	0.9655000306258217
CMTSOLUTION_201010080349A	1.128071947385182	0.0043363323417085235	2082.818856024667	0.9966170796192477
CMTSOLUTION_200904210526A	0.7565231348778897	0.04637049436514046	94.86709913586128	0.7160072244413916
CMTSOLUTION_201110210802A	1.028240383626345	0.0716952063220327	106.21482057644425	0.9597325969235689
CMTSOLUTION_201112110147A	0.7278562176294862	0.02073323307001284	353.8834472500351	0.9757634619877222
CMTSOLUTION_200907300737A	1.9002053475426142	0.1832120011007708	40.58463214092584	-0.9222876102579098
CMTSOLUTION_201304162255A	0.7338283632975782	0.04585957682019775	1102.1710164181002	0.9709717763042911
CMTSOLUTION_201102151333A	0.632406901060964	0.056604299320523466	43.11030464107889	0.9383097366365488
CMTSOLUTION_201103111902A	0.9532586369713015	0.00952126900965247	55.90631506775982	0.9766109506031684
CMTSOLUTION_201111300027A	1.479373551773219	0.13709645597809758	127.19587196224238	0.8729078356328467
CMTSOLUTION_201006160358A	1.1857213772837658	0.1943537012840298	1039.5270644328323	0.9839629283238865
CMTSOLUTION_201001051311A	0.7279259624066122	0.036686462487458826	114.41222021791569	0.9558462718945768
CMTSOLUTION_200901081921A	0.8719480410716894	0.014511465717262757	846.971116206299	0.9923364811006046
CMTSOLUTION_200812190831A	0.8175478609307084	0.006107508316255775	441.50914646958546	0.9913120372258291
CMTSOLUTION_201305180548A	0.8401261573903299	0.01998667433412936	22.48174466232011	0.9833062238761486
CMTSOLUTION_201107241851A	1.0364373658550103	0.07432186257395462	1054.585844196754	0.9106964995101033
CMTSOLUTION_201301302303A	0.8032683159119005	0.04287810195006774	8.433387728632114	0.8948318017111562
CMTSOLUTION_201212141036A	0.8079714762007415	0.026016539363124144	990.1278129513169	0.9024653436478368
CMTSOLUTION_200901032233A	0.8820515195509205	0.04472295874875409	8.44311544421274	-0.996239303644873
CMTSOLUTION_201304220116A	0.7318985073332379	0.005811396653357185	274.55723525532	0.9864280006768125
CMTSOLUTION_201202260617A	0.8678161202142092	0.05444761882097629	3544.7645971079564	0.9291584389376546
CMTSOLUTION_201401250514A	1.261006719565987	0.16740990696756308	45.66449303404552	0.9613958643001084
CMTSOLUTION_201207282004A	0.6531883192734633	0.012293438218967402	961.334345511219	0.9975587173079853
CMTSOLUTION_201306131647A	1.1968834768265593	0.19627520666752563	591.2790349531781	0.9294052607083366
CMTSOLUTION_200803142232A	1.0345876225465436	0.06060355456780286	820.8568613052764	0.9796619589620073
CMTSOLUTION_201012130114A	0.7236555316228245	0.03836239859563353	140.01083299727293	0.9772379207542009
CMTSOLUTION_200807282140A	0.9318649902317881	0.005360171043327571	391.01715798100474	0.9272675007475787
CMTSOLUTION_201207081133A	0.9067411386779647	0.020647696563180603	737.5085195299748	0.9793565853031171
CMTSOLUTION_201001181556A	0.9555842288525572	0.0328611399248189	399.73957253258874	0.8993955580960942
CMTSOLUTION_200907120612A	0.7844037999134459	0.04462461078970248	180.52199003944514	0.9663619017316611
CMTSOLUTION_201111140405A	0.977644165012695	0.04749198583943839	218.3299486462214	0.9342888186572431
CMTSOLUTION_201201270133A	0.9266819688059444	0.08393658806488212	153.00766455985652	0.9196387422621777
CMTSOLUTION_201104011329A	0.9523801608848609	0.09098209659079423	19.143085991386044	0.9404974053106246
CMTSOLUTION_201211130431A	0.7127724905573075	0.04738558568997233	476.08374468888996	0.9960558544797776
CMTSOLUTION_200802211416A	0.7091271892250165	0.07845999396642127	392.3802340344612	0.979301664726195
CMTSOLUTION_200802251806A	1.420906040302087	0.2277596195255302	497.9851882677551	0.6087115065344645
CMTSOLUTION_201004302311A	0.7800982065779787	0.06495108267849645	5426.703911304029	0.8869967175307709
CMTSOLUTION_201104032006A	1.4932290921443723	0.0917307368345152	593.6765029915072	0.8394484170139869
CMTSOLUTION_200901222016A	2.281723477774992	0.5304601070007852	15.50146969563155	0.8856676227310861
CMTSOLUTION_201001090551A	NOT FOUND	NOT FOUND	30.208941360840132	0.08653531711080002
CMTSOLUTION_201210281854A	0.6150474927356104	0.07699481303991366	3121.592482166622	0.9731050708709073
CMTSOLUTION_201208020956A	0.6591162044546994	0.019501855881202606	219.65464133760406	0.9864967070883468
CMTSOLUTION_201208111234A	1.0202694662167677	0.056666381009385494	6105.616577004893	0.788922925770227
CMTSOLUTION_201310300251A	1.0351033188094714	0.018576058697086662	1823.0737559637703	0.984032938735739
CMTSOLUTION_201305210155A	0.8893993513942349	0.1380873215316386	324.0335962656094	0.9214760990435134
CMTSOLUTION_201305110208A	0.7598249880550921	0.03979252375511402	2698.662720119826	0.951141627046913
CMTSOLUTION_201401261355A	1.6293977608493408	0.023947760793155356	1029.113771880126	0.625274490447331
CMTSOLUTION_201107250050A	0.7308431852770466	0.030424907030271356	1233.6284667411887	0.9576766766926607
CMTSOLUTION_200805250821A	0.7886422972808241	0.07475866521656717	1017.3207468212893	0.9023991836249546
CMTSOLUTION_201002012228A	0.7336888048903607	0.08631099889768484	431.7758395931429	0.9763620294787948
CMTSOLUTION_200901062248A	0.9699856499326566	0.040547015734937984	177.47875562319004	0.985384994082062
CMTSOLUTION_201209120327A	NOT FOUND	NOT FOUND	135.4659767868924	0.5606194578703426
CMTSOLUTION_201206292107A	NOT FOUND	NOT FOUND	3113.8482243174617	-0.20251453463535954
CMTSOLUTION_201101122132A	0.8891492076779937	0.1286719379026924	73.285825515578	0.9099164058125064
CMTSOLUTION_201211110112A	1.0621558807180569	0.08137981454290392	769.1623971145805	0.9075795806345891
CMTSOLUTION_201111221848A	2.1261647549608202	0.10773933010233568	90.63892236956667	0.8049820713247314
CMTSOLUTION_200904281954A	0.6579741184021144	0.02365657713567035	171.31772829140212	0.8074688017799171
CMTSOLUTION_201001020845A	0.7213550080760632	0.0029840132059893924	491.1204054634119	0.9951051809376351
CMTSOLUTION_200809101100A	0.5955240509683339	0.05550652976484641	7451.774792937478	-0.9634056364883803
CMTSOLUTION_200904152001A	1.726903164873687	0.022373059668232324	99.08526614321418	0.9233658175658974
CMTSOLUTION_201204061615A	0.5505257692642956	0.05500072546802109	93.758865019868	-0.8704728098927521
CMTSOLUTION_201104071432A	0.7411011064592219	0.11436963750218983	88.59494394743261	0.983855686758893
CMTSOLUTION_201012211719A	0.7523615365262055	0.004729070904851111	4477.219640211401	0.8859432141071116
CMTSOLUTION_201007232208A	1.7384742701935623	0.037809726089311636	4789.6558071696045	0.7590524327919537
CMTSOLUTION_201001051215A	0.746069280847626	0.04281787117179379	1024.1343238398886	0.9490561690761005
CMTSOLUTION_201110270804A	0.9134319774198868	0.20404037445515383	35.153903131058726	0.8619141671353014
CMTSOLUTION_200902151004A	0.9035027708662892	0.06564651575613323	135.10409621893066	0.9626037503704421
CMTSOLUTION_201111011232A	0.666781385404251	0.08971249108891961	224.6335975524575	0.9701855161916884
CMTSOLUTION_200803222124A	1.0134356855272413	0.033914155489306784	145.42303472809823	0.9697095818773077
CMTSOLUTION_201311220651A	1.006127967573243	0.06020116126192409	330.34768169254926	0.9622845129018348
CMTSOLUTION_201007161853A	3.030048497576511	0.3683468376168949	107.3810393941186	0.936190666182352
CMTSOLUTION_201103140612A	0.8787534178291453	0.03298024950691581	797.3298222244623	0.9703770406202956
CMTSOLUTION_200801051144A	0.8218586200688702	0.012913400713468923	245.8386280186449	0.9634626025964922
CMTSOLUTION_200803031349A	1.1390977415178383	0.23250672188286198	468.9633494372175	0.9394570684520444
CMTSOLUTION_201304061126A	0.9433320309783431	0.054262505500060565	87.1276666342158	0.6946368390146695
CMTSOLUTION_201102101441A	1.6173650421544576	0.09564627683147993	34.46124435904284	0.9259033526537613
CMTSOLUTION_200807190927A	0.9161323336567788	0.042822900228591095	613.7634909025033	0.958459311380778
CMTSOLUTION_200812130827A	2.5675064352288377	0.11978199207595099	70.54607199899834	0.8047367206668565
CMTSOLUTION_200911280604A	0.47981642223121895	0.026917422087636256	61.699593608563326	0.7763653827632812
CMTSOLUTION_201010080326A	1.1280578784103357	0.006587984396797376	2226.636592069468	0.9914629433668741
CMTSOLUTION_201309161501A	0.7665123841942101	0.055215825116004175	103.0353229797024	0.770161333372254
CMTSOLUTION_201106210204A	0.4522991843249805	0.055156431183920454	213.0784949430998	0.6393197255045707
CMTSOLUTION_201210252305A	0.8930963408991625	0.02702962498969856	285.2053010161603	0.786044689884627
CMTSOLUTION_201302160437A	1.2618889132283573	0.006925762996061538	47.77716209099663	0.9900231886099131
CMTSOLUTION_201302060635A	0.8838221603723253	0.18645502215418258	16.002726052532026	0.770641243022068
CMTSOLUTION_201209081051A	1.5211862222088262	0.1909562239230315	210.35687849022398	0.9584588019532378
CMTSOLUTION_200809110000A	1.0129637902318194	0.20832627307998253	15199.057405126847	0.9585453985156218
CMTSOLUTION_200802210246A	0.7201285478501254	0.0899327989127967	1821.039324938284	0.9677208453902246
CMTSOLUTION_200802080938A	0.8085335838013121	0.031730049081725706	10875.707366821975	0.9025807575351124
CMTSOLUTION_201006300722A	0.7617430034828497	0.008662264938603555	371.0315085092242	0.9925822974198705
CMTSOLUTION_201212070818B	0.6098731112238706	0.050558029949081484	19101.09620884613	0.8296555148664025
CMTSOLUTION_201103170413A	0.8495659013358482	0.16857448662822597	49.02766294374385	0.9878007720812154
CMTSOLUTION_201103091816A	0.8178122704744658	0.0788616592344773	201.1115048614814	0.968659652788044
CMTSOLUTION_201205180200A	1.0064531671109471	0.12319529396528947	1069.8206111161287	0.9879617283572008
CMTSOLUTION_201301050858A	0.9098302467839021	0.03223424662313467	83421.19931103656	0.9660940093386445
CMTSOLUTION_201104131957A	1.2293236409919077	0.02153721689344911	1707.424164748105	0.9878100741655627
CMTSOLUTION_200908160738A	DiffNPTS	DiffNPTS	DiffDelta	DiffNPTS
CMTSOLUTION_201201211847A	0.8562370264853812	0.07407032063789952	158.902762488152	0.9842471443014946
CMTSOLUTION_200904181917A	0.8498059125410383	0.009684848799076986	2406.3189503896556	0.9609138429137141
CMTSOLUTION_201209301631A	0.9643967760256441	0.06946069027918968	2466.080770445747	0.7104309370781284
CMTSOLUTION_200901221340A	0.8392442340212967	0.05042859170996902	118.25825142605291	0.9913910736975635
CMTSOLUTION_201103110546A	0.7184769367927696	0.06836915497923296	169210.8753640575	0.9603632592664317
CMTSOLUTION_201302060154A	0.4621077381929908	0.02273283545354664	145.18054631257598	0.8682495674876395
CMTSOLUTION_201211150920A	0.9045748543333209	0.05395395962850972	54.805793756788006	0.9228336026854776
CMTSOLUTION_201309210139A	0.9589745172113924	0.20796555441873765	17.810229030685633	0.8065264597637211
CMTSOLUTION_201008031208A	0.8422751841420597	0.13681298426376393	302.50695084082673	0.8201601480122387
CMTSOLUTION_200912240023A	0.6568499372991052	0.04152739116921367	212.93216299445254	0.6003522216650439
CMTSOLUTION_201205031009A	1.1308822110516767	0.09188752407464289	74.00386651003376	0.9809946717986299
CMTSOLUTION_201209051442A	0.8523803802393889	0.05137015921029352	5683.368955885113	0.9225303057852574
CMTSOLUTION_201106201635A	0.6596283484104803	0.0015469134690755978	277.2661191834552	0.891269834663894
CMTSOLUTION_201002060444A	0.8734245200197538	0.07543656328684341	95.2431907508309	0.9488419698573112
CMTSOLUTION_201104230416A	0.7895471342908394	0.07049565714125697	2317.5925170853034	0.9517175994557946
CMTSOLUTION_201107202204A	0.8565404078141574	0.029814315379296644	210.1060556428958	0.9473037436740747
CMTSOLUTION_201003140808A	0.9805739009107837	0.031953571494236034	3239.81004623661	0.9263371657415364
CMTSOLUTION_201108190536A	0.9455110758304475	0.08395907039729983	83.46718966189871	0.9522722289186814
CMTSOLUTION_201211101457A	1.793541926759614	0.12596713890163508	15.183457756569371	0.839126791571216
CMTSOLUTION_201012231400A	0.9985676988146709	0.09357875402440285	970.1471258055847	0.9242121539196927
CMTSOLUTION_201208270437A	0.8360294142636373	0.044852063277546136	9329.957379958316	0.9915045895778306
CMTSOLUTION_201205031520A	1.6258521296901323	0.0850323406389273	126.10930017667931	0.6100706990797264
CMTSOLUTION_201004110940A	0.7201433509092341	0.07650062975046373	3392.416178729808	0.9913693319435531
CMTSOLUTION_201008201756A	0.8755279266919674	0.029691744618040493	221.98590815841902	0.9970750903140824
CMTSOLUTION_201309251642A	0.8799809926742496	0.06834281780825723	4982.354722481722	0.9711901975122459
CMTSOLUTION_201211021817A	0.5767841464993197	0.0034735045936954965	151.216840040821	0.9380491065113086
CMTSOLUTION_201103151327A	0.9720752253826327	0.01651009235787798	66.96011292575729	0.9392413275169473
CMTSOLUTION_200904161457A	0.7783971600305284	0.04583607170649135	3450.3612480806332	0.985210673776349
CMTSOLUTION_201007101143A	0.7123781041238949	0.0862701637118108	1005.5515554800766	0.9783053298198067
CMTSOLUTION_201201151340A	0.7167451133347211	0.08345481257239735	486.16592900449996	0.88413364709413
CMTSOLUTION_200809031125A	0.8296986183547931	0.02562542847556307	60.75855900054857	0.7140628940764113
CMTSOLUTION_201012222149A	0.858057291743882	0.023148615944188034	739.3681016814638	0.9788454568735937
CMTSOLUTION_200802252102A	0.4899204192627764	0.01620309576449583	34.724927779018266	0.7555647524238979
CMTSOLUTION_201309011152A	0.8619447521162741	0.06949721903008951	301.19719283907483	0.9678082619239226
CMTSOLUTION_201101190917A	0.6309424819289394	0.007704298299680068	133.66566472208615	0.9963060480867729
CMTSOLUTION_201309241129A	1.5319764323568843	0.08938462525190054	130378.78929529668	0.9229953052399409
CMTSOLUTION_201103272223A	1.0056603658110626	0.01376864929502233	1963.0473384982251	0.9628244377947252
CMTSOLUTION_201303011253A	0.8235100010656217	0.019838610848536657	1419.1631237251486	0.9542662053389112
CMTSOLUTION_201006260530A	0.6578688335324928	0.06557228111539719	3799.106977039141	0.915863174356941
CMTSOLUTION_201111170157A	0.8966991339049675	0.012538791707595618	221.35307204906326	0.9631463934802338
CMTSOLUTION_201107251757A	0.7861587725798155	0.10598636787553163	222.51838115983003	0.9642255817632084
CMTSOLUTION_201402030308A	NOT FOUND	NOT FOUND	2934.669759206108	0.5902484598527924
CMTSOLUTION_201004172315A	0.8111801577624234	0.06689202542380006	334.2647294817209	0.9630018611348328
CMTSOLUTION_200912260857A	1.205903503882347	0.03910961184274371	48.94052715989402	0.9353083893565919
CMTSOLUTION_201109051755A	NOT FOUND	NOT FOUND	329.84535771696994	0.5572919255150259
CMTSOLUTION_200802141208A	0.8501506716416848	0.03144081923241956	50.93017245845891	0.9003805601562817
CMTSOLUTION_200801091440A	0.6793413149105865	0.04624938438834151	883.1598953979947	0.939900383235423
CMTSOLUTION_200804281557A	0.9234442865732091	0.007828974547995514	164.92427649717155	0.9843747922446588
CMTSOLUTION_200906140558A	1.053408047321334	0.21969714801280674	164.31509069210057	0.9010374558891827
CMTSOLUTION_201103241355A	0.7271657979451444	0.0843404535733122	6772.9047236053175	-0.9615147606888024
CMTSOLUTION_201211122042A	0.8606237029056449	0.13831278485574747	667.7249265148016	0.8707580487009206
CMTSOLUTION_201112110954A	0.8605958866605966	0.0361289545441957	69.90886404861993	0.8803045222632927
CMTSOLUTION_201309032019A	1.2256980502764552	0.21878380207642356	2063.314157557649	0.9603415981360378
CMTSOLUTION_201309111244A	0.9795709501025321	0.03187106017668544	156.80565126509697	0.8269554859694375
CMTSOLUTION_200910041058A	1.2344003313575993	0.04435333176802571	70.8566374047748	0.9206871127007376
CMTSOLUTION_200810051552A	0.8029928302943479	0.0674368673156673	9469.887727038666	0.9196030128310918
CMTSOLUTION_201304011853A	1.094231210374063	0.15150013913425237	928.828474939178	0.9275305313976984
CMTSOLUTION_200909072241A	0.820514113179025	0.1002026103364521	974.7135009048184	0.9066275486859178
CMTSOLUTION_201205200719A	0.9028052986155731	0.013755241129635113	2453.902789538266	0.9562445198071644
CMTSOLUTION_201308171632A	1.039007579881937	0.022184379598259123	525.4866021319802	0.940027814091213
CMTSOLUTION_201010041328A	0.7497896779230553	0.14526464531587815	493.443384740601	0.9476257472972079
CMTSOLUTION_201101240245A	NOT FOUND	NOT FOUND	31.129037912644364	0.440096948896157
CMTSOLUTION_200807150326A	1.0452561758762513	0.1732832632484311	3642.7268983400536	0.9370984660915699
CMTSOLUTION_201103061432A	0.8274820795302654	0.012145765043275483	154.6823062940189	0.9970320144764847
CMTSOLUTION_201310062133A	0.7449956687127789	0.07135072198618587	92.80046367052094	0.9763166103321714
CMTSOLUTION_201012080524A	0.7692407466362536	0.03244955397817916	462.1857621883653	0.8837194251546138
CMTSOLUTION_201112012135A	0.8131377865057879	0.030484289700502872	27.461838911673404	0.9562261259459728
CMTSOLUTION_200802161445A	0.7803937386197316	0.01439309301153192	77.8451137269324	0.9852782518422589
CMTSOLUTION_201103110615A	0.7304981305978155	0.07648788993152984	113144.06362854486	0.9428358367617707
CMTSOLUTION_200808050949A	0.8545147492352604	0.050811000219488894	798.6391039474336	0.8420866182608177
CMTSOLUTION_201211080201A	0.7443531852784186	0.10927921072489108	1003.8677045874499	0.8492039289659546
CMTSOLUTION_201205012243A	0.7905418080889461	0.018863654355530467	621.2555588997616	0.9818038183892993
CMTSOLUTION_201103092124B	0.9066730805581507	0.014340903656619008	381.1784956818809	0.9493552059501738
CMTSOLUTION_200908200635A	0.9032241731148453	0.18469456376865148	1029.6403960037867	0.8686105442248834
CMTSOLUTION_200812201029A	1.3152371250037085	0.16570038961313527	726.032687941314	0.8131198186832145
CMTSOLUTION_201310241925A	1.192905768479065	0.12938758449417678	35.1364538342063	0.9347365739822593
CMTSOLUTION_201103291054A	0.7830268161802052	0.06468879902263912	2510.5007778955514	0.9572309449180201
CMTSOLUTION_200801221714A	1.1347953826824142	0.03864816800446451	216.28083268251015	0.9692276222986266
CMTSOLUTION_201107301853A	2.443237077568703	0.11055944004365591	725.8739698003527	0.9328566930068382
CMTSOLUTION_200806271140A	NOT FOUND	NOT FOUND	1995.119175801349	0.4321692811521599
CMTSOLUTION_201304091152A	0.7590894768188262	0.08062000588154519	1409.0314167092993	0.9648127796189785
CMTSOLUTION_201003301654A	2.2720581090746297	0.2748721922106017	476.83290599548025	0.8155838140684565
CMTSOLUTION_200912191302A	1.385454954389652	0.1464897855396759	2453.3283274712808	0.9800944391760446
CMTSOLUTION_200904251718A	0.9224173365997074	0.06870005498372332	57.48597988020166	0.9083339979817494
CMTSOLUTION_201305200949A	1.0400956756838173	0.1260629309996859	518.9269675182696	0.9770186948594877
CMTSOLUTION_200802091833A	0.5401843260033485	0.08904097960727418	54.13833097250213	0.8944081182423866
CMTSOLUTION_201006160316A	1.1823991396099451	0.19669716725813435	3428.2925828433376	0.9439841989253946
CMTSOLUTION_201201231604A	0.7812043718249809	0.018392360424738703	1073.8097708731607	0.9895867260635028
CMTSOLUTION_201109161926A	1.3748920187074838	0.12451225885912658	4153.9998531498795	0.9660671832147646
CMTSOLUTION_200902111825A	0.6520819038039921	0.13494537569961892	74.64679568261133	0.945515623877617
CMTSOLUTION_201105111647A	NOT FOUND	NOT FOUND	102.64820463490904	-0.5678020288327467
CMTSOLUTION_201011300324A	0.6194733782655092	0.10415268333387795	310.79478452630195	0.9421769796735607
CMTSOLUTION_200801202026A	0.6354864623897134	0.016328199416636	49.965965216903875	0.708728211949621
CMTSOLUTION_201201260424A	0.8575085618088037	0.06157754676191895	92.03567515529075	0.8295636599988303
CMTSOLUTION_201103110625A	0.7221910755100409	0.06962974032650002	213.74033798968594	0.9381511344556224
CMTSOLUTION_201308120053A	1.337140639913304	0.07880974891108038	45.10607497562248	0.72125590444688
CMTSOLUTION_201303252302A	0.5761933282078995	0.032000337277369756	116.06342823848928	0.9361047390150256
CMTSOLUTION_200802241446A	0.8322906777003534	0.026811068600357046	59.900509558778424	0.6816546539282181
CMTSOLUTION_200801011855A	0.7661121478669578	0.02552992359682809	270.0105904189571	0.9143464238467723
CMTSOLUTION_200904170208A	0.9028243244231926	0.035637730984189694	259.97641831817583	0.9472448266529728
CMTSOLUTION_201004140125A	1.2898590406408066	0.2704890963521147	4.35954463529494	0.6474300982245083
CMTSOLUTION_201207251120A	1.1172805824346534	0.12411772163755214	1563.5320441102353	0.9420877462837585
CMTSOLUTION_201008041258A	0.7562523839249917	0.12976060203824072	512.1364728137114	0.9578421901196348
CMTSOLUTION_200811190611A	0.7691189531046512	0.07783208120060725	379.5814329300428	0.9931697632545388
CMTSOLUTION_200808220747A	1.375686643751467	0.1325042447016872	152.82190259943025	0.9771956722909358
CMTSOLUTION_201103092124A	1.0063719440332066	0.08517227572246883	457.3529475601915	0.9591724429012816
CMTSOLUTION_201010080543A	1.535949113240957	0.176672360352558	5.1045170582736255	0.8158747858947366
CMTSOLUTION_201309170409A	0.7843014245571134	0.12491894614387675	49.44668700494774	0.9100298566403808
CMTSOLUTION_201005051629A	0.9887745939105375	0.108436933437761	1036.6986138890675	0.7467580081867062
CMTSOLUTION_201203141205A	0.725489350630615	0.286207003415	6.902943867598013	-0.8316586251140526
CMTSOLUTION_201007240535A	1.093817625907058	0.1375547587334284	84.44562820011177	0.9738175534086758
CMTSOLUTION_201307170237A	0.7473875911692076	0.04127000062494843	456.8680852332486	0.9660679683406819
CMTSOLUTION_201203201802A	0.7298129269770923	0.027190464537321813	34301.54831688176	0.9975173226274431
CMTSOLUTION_201204120715A	0.8436580967126712	0.041111057275561254	13798.338240733006	0.9891351416496247
CMTSOLUTION_201212231331A	1.2099943247163092	0.05768681253443844	830.311611284164	0.9596450372254004
CMTSOLUTION_200909062149A	0.8481025786350065	0.04483534536167233	835.3810978223944	0.9735936381510651
CMTSOLUTION_201208151749A	1.3073117169607145	0.06177994840024845	27.526580936448504	-0.6398089279469116
CMTSOLUTION_201302021417A	1.053110265265614	0.0436591531806407	487.4733042160997	0.9624555205932891
CMTSOLUTION_200802200808A	2.5895243260255363	0.1920927564940118	10181.6885837488	0.7783800154368441
CMTSOLUTION_201110052352A	0.9792591407895486	0.07860415835890379	439.25506566341016	0.8042821585739838
CMTSOLUTION_201104110816A	1.2894006701439098	0.2425735003369952	2922.710979792819	0.8787188403631297
CMTSOLUTION_201103121315A	0.9917244931254874	0.06648948816519237	67.87491031177075	0.9868031818475171
CMTSOLUTION_200811210705A	0.9306156342874451	0.08842072549483779	44.373561265860744	0.9729002114781629
CMTSOLUTION_201311250627B	0.878878201132135	0.07785209126619233	2996.6129292302903	0.9681144441610623
CMTSOLUTION_201311170904A	0.7331661344787008	0.048755514703374705	22701.491683392916	0.959542216292608
CMTSOLUTION_201403022011A	1.0053345195872248	0.20470062936523148	438.47504141407865	0.8594471744031088
CMTSOLUTION_201304300625A	0.8181457640163038	0.02896052192364577	746.0457797863914	0.9941705546419654
CMTSOLUTION_201310060137A	0.8488951277796487	0.0707955248901901	203.82501385023198	0.9824725829173486
CMTSOLUTION_200901151749A	0.9919701861531559	0.075231809733274	10566.908985685062	0.9618491613784437
CMTSOLUTION_201102251307A	0.8145560636138971	0.04633809953525946	38.77630327112267	0.98644076069714
CMTSOLUTION_201305210543A	0.7212043620781339	0.0415700289818221	60.13209362300337	0.9086593896781014
CMTSOLUTION_200808251322A	0.7912130061498245	0.05423493853243558	1259.92401864606	0.8523815332200951
CMTSOLUTION_200902121315A	0.6827734387399133	0.10685628056910014	356.0222810605595	0.920020432527504
CMTSOLUTION_201110140335A	0.6990063730633133	0.05037543200226136	2301.1052599961263	0.9876722475662821
CMTSOLUTION_201108222012A	0.9677637930969534	0.10613608327928943	354.6310338037698	0.8637653139630992
CMTSOLUTION_201109162108A	1.4239019300180478	0.09696276116639281	7.116384987574366	0.9911721859189934
CMTSOLUTION_200810111040A	0.9711662335940733	0.08360565878925258	36.772833168152104	0.9856323350174956
CMTSOLUTION_201104300819A	0.8506055357021057	0.0445622938436711	58.63596811030898	0.9715559854811754
CMTSOLUTION_201207091355A	1.9218380388513017	0.19288990284253482	125.78042814496439	0.8305905432500831
CMTSOLUTION_200904190523A	0.8606707920898486	0.07957657441632979	45.02185195908308	0.8462576960075224
CMTSOLUTION_201008140730A	0.7286843164477591	0.06634092751266397	1847.4641940370038	0.9943466690504872
CMTSOLUTION_201104231012A	0.832644305263998	0.007228991607820082	492.3938985898644	0.9377075647939958
CMTSOLUTION_200809250147A	0.8128391274540245	0.11046378101632238	540.8127556783389	0.9194815026227815
CMTSOLUTION_200806292053A	0.6868852955002682	0.06197270727929757	9.790171111870936	0.7184605841235826
CMTSOLUTION_201101270838A	0.9572283009305892	0.05256544374410042	977.467488120986	0.910129654806167
CMTSOLUTION_200801300732A	0.7717620248438251	0.11041818169076503	100.91535818412483	0.884544659352482
CMTSOLUTION_200906200828A	2.193603770310328	0.09663833200855684	87.37567457408056	0.8582869586158646
CMTSOLUTION_201203261035A	0.9830578763388266	0.04598547916837957	21.5989988820661	0.9445560130795237
CMTSOLUTION_201110251455A	0.8256332142134425	0.03702508599746395	356.37668181835056	0.9199032120685231
CMTSOLUTION_200911281810A	0.9168209182435479	0.06028116407133444	155.2295665395172	0.8942013022110082
CMTSOLUTION_201204112241A	0.651974616881233	0.04107337960925169	1485.8828619498197	0.8838207620538344
CMTSOLUTION_201309070013A	0.8102348531076328	0.06114233330785892	842.6543247079348	0.9924210892420146
CMTSOLUTION_201310010338A	2.9344201184381897	0.46690100649571153	853.2669654561239	0.792900830623054
CMTSOLUTION_201003040159A	0.8662520947393416	0.06526496143578954	9.156987652001085	-0.9945455789779284
CMTSOLUTION_200806010157A	0.840561626869884	0.08984726779212154	222.30665429874085	0.783472260612501
CMTSOLUTION_201307081530A	1.3351433974736808	0.22367849898605363	23.446945401516075	0.6737355422681516
CMTSOLUTION_201210080626A	0.7148016436722043	0.05626837463786724	486.01139683516874	0.9774477522947937
CMTSOLUTION_200909122006A	0.8205921967929519	0.022762350798239822	2300.7156901115554	0.964942264018366
CMTSOLUTION_201009090728A	0.7709382425229325	0.013776941040640197	1094.943967665749	0.9941943992175862
CMTSOLUTION_201201300511A	0.7292448620801363	0.060994169903792195	454.7918265232719	0.9505850860878853
CMTSOLUTION_201311132345A	0.8491298426272206	0.0808544063030658	88.0939524024371	0.9606867336686319
CMTSOLUTION_201007290731A	1.208388925322472	0.06001625977390927	171.82817316415026	0.9429386785203242
CMTSOLUTION_201312010124A	1.158544676808353	0.11326341957155762	477.4813138802503	0.9603064922792066
CMTSOLUTION_201211070626A	0.7489792213015327	0.03571940349680424	68.24084798669408	0.9659369941231158
CMTSOLUTION_201103070009A	0.9686239209241876	0.0185343763963488	1839.1668039533727	0.9945416826784607
CMTSOLUTION_201002050659A	0.9068197366038995	0.11232756879331181	379.86335053719785	0.9017135925776198
CMTSOLUTION_201302060112A	0.46062563134628565	0.025139533790595598	690.8058860819237	0.9287685733297728
CMTSOLUTION_201202140819A	0.9012438701749715	0.05392438331118937	56.113166610765894	0.9861464258158127
CMTSOLUTION_201111241025A	1.310442941102926	0.11545462782770437	464.61348668060225	0.9152992366359459
CMTSOLUTION_200802041701A	0.799259489578372	0.06428571494037344	524.1182334637541	0.9391797466105504
CMTSOLUTION_201102112005A	0.8151326660468772	0.014365542855233032	2831.457473281371	0.9952063703273081
CMTSOLUTION_201311241805A	0.9281414772292863	0.06976674212225573	174.28076255744762	0.9043785113070032
CMTSOLUTION_201212230638A	Error	Error	Error	Error
CMTSOLUTION_201007210916A	0.8463810262083331	0.12131706039485327	85.40619491817938	0.8982798478807889
CMTSOLUTION_200909210853A	0.8707354743038015	0.03959355771072595	308.64588591383233	0.8805069949587322
CMTSOLUTION_201206072054A	NOT FOUND	NOT FOUND	124.49590853534801	0.5452406348738685
CMTSOLUTION_200902221745A	1.125480974463604	0.060034817247621955	152.7752505772687	0.9750896207105072
CMTSOLUTION_201203142113A	0.7649074755215585	0.042464555769053815	146.9273056629409	0.9504707157956033
CMTSOLUTION_201304232314A	0.5794758564445354	0.022293416408656477	193.51540775292148	-0.994655097582994
CMTSOLUTION_201206051931A	0.9391597213327623	0.07509796488913852	1410.324802947287	0.9923156202273732
CMTSOLUTION_201205242247A	0.9732639267654775	0.0589215992709522	3866.235766930362	0.9886406910297645
CMTSOLUTION_201309040018A	0.943112889067356	0.17711786322269396	246.6626284995994	0.6046633530495846
CMTSOLUTION_200807190239A	0.727917181332651	0.06656092239846506	17565.305343499473	0.9532301746856207
CMTSOLUTION_201106160003A	0.8209239267070515	0.008885991281584462	1709.192497691508	0.9042732582638684
CMTSOLUTION_200806081225A	1.476955108292004	0.05486026604403442	4987.710549346402	0.788368289128317
CMTSOLUTION_201111080259A	1.6577522950440258	0.20929949874194265	1397.225912155317	0.8911149794896012
CMTSOLUTION_200810291132A	1.5913711642474175	0.13513723815952394	2103.1597905105646	0.9048044217687878
CMTSOLUTION_201101182023A	0.8474702140893828	0.15636646187182232	8807.648779996587	0.9737511179341237
CMTSOLUTION_201308310638A	1.1512502820710016	0.036986453511786276	530.8162167166031	0.9323342697878819
CMTSOLUTION_201009171921A	0.7147999241662828	0.019915291309313635	253.15143778076884	0.9243409451214218
CMTSOLUTION_200908091055A	1.3950724966221555	0.03515189497825222	1486.0274295128254	0.8081344944565793
CMTSOLUTION_201106131431A	0.8796494064240628	0.04238784803936625	286.5062959417657	0.7688842503561608
CMTSOLUTION_201011230901A	0.7537774372116363	0.01926949754772736	135.40110186760285	0.8214547018402844
CMTSOLUTION_201203050746A	NOT FOUND	NOT FOUND	10.528589405419584	-0.3805401480631639
CMTSOLUTION_201004062215A	1.3822193782861283	0.029774026341787142	25756.316011953764	0.8147338026880773
CMTSOLUTION_201111281226A	0.8300434389138629	0.03918495990394843	282.0202314459252	0.9558958115996329
CMTSOLUTION_201303011320A	0.8234804346697427	0.02359755139804188	1529.2750167272447	0.971490493293031
CMTSOLUTION_201105080650A	0.9481440171852914	0.017010321083135164	159.79486805124583	0.8766009413565315
CMTSOLUTION_200804160554A	0.9915064959644104	0.016796019853982335	1430.7058662831737	0.9728239080817482
CMTSOLUTION_201003042239A	0.8944896939596015	0.06329090376070112	261.7475914120424	0.9924649716510439
CMTSOLUTION_200912171455A	1.3451479209264423	0.06467465326369623	56.7408853834861	0.8743289798246245
CMTSOLUTION_201111180600A	0.7010670323251985	0.007343001591987032	69.53113096371307	0.9713204219444748
CMTSOLUTION_200811221600A	0.8068567381534005	0.05470827669357592	998.4453165028174	0.9628896875998733
CMTSOLUTION_200810060830A	1.6102633326206817	0.05836286388047593	1230.8088885154452	0.9321150488640081
CMTSOLUTION_201101261542A	2.06431939132939	0.048049949723441045	130.88497055496384	0.8325996404402032
CMTSOLUTION_201002112156A	1.2820764401244684	0.2642190910054014	515.9420117486716	0.9196387916041344
CMTSOLUTION_201004071433A	0.6869944774656265	0.08093981598490227	174.8346917730119	0.9448244873120991
CMTSOLUTION_200910010152A	1.193521508137716	0.08694870926991426	2179.1879991279948	0.8373704682793964
CMTSOLUTION_201008181628A	0.7832342799823567	0.0909483328446181	687.5605640429791	0.9887061906410792
CMTSOLUTION_201212151930A	0.7276784761239111	0.00999539422209184	76.01331127819842	0.9989654762998835
CMTSOLUTION_200806150837A	1.0510688680846885	0.06476859604814988	84.01278361542472	0.8659210125559934
CMTSOLUTION_201204161123A	1.04258532565611	0.03326359441116636	186.84942559872906	0.9438587921010213
CMTSOLUTION_201311221830A	1.052850506917669	0.0794632430598961	156.90551458647423	0.9702954049595066
CMTSOLUTION_200908020854A	0.7515835989117816	0.05420243808710035	284.3170719131688	0.8612309652271695
CMTSOLUTION_201101010956A	NOT FOUND	NOT FOUND	481.1313815517477	0.4345032628814213
CMTSOLUTION_201004051005A	0.583574996245066	0.05844264952794169	218.34893668626972	0.8995185108701304
CMTSOLUTION_201009031116A	0.8478386579318984	0.029711325464294638	1329.6933129082745	0.9956289829720889
CMTSOLUTION_200808300654A	0.7668836831230547	0.0958403424369686	387.4105476508215	0.9108569493909131
CMTSOLUTION_201008160330A	1.3099173004488522	0.18362781474622375	170.85453827700763	0.9577389129261318
CMTSOLUTION_201103061231A	0.8942950356472968	0.054678291886316316	232.9782226978771	0.8269396016455021
CMTSOLUTION_201103120147A	0.9705702460053887	0.2147649758596905	354.17562320598057	0.9855324154463226
CMTSOLUTION_200803242039A	0.7389784585662296	0.004000448288005945	80.51597993591642	0.9741487936884311
CMTSOLUTION_200810110906A	0.9634276541203153	0.02705571544901005	225.99766130496494	0.6462423238322735
CMTSOLUTION_201309151621A	0.9307147320476823	0.0713113494804785	550.1083241325093	0.9562373414265753
CMTSOLUTION_201103220919A	NOT FOUND	NOT FOUND	76.08854326084162	0.4287066512512774
CMTSOLUTION_200903061050A	0.6948128018217913	0.039220688786380874	1653.1119166094743	0.9576395718538149
CMTSOLUTION_201311031103A	1.0303111260107634	0.14760496991669872	38.470694751337646	0.840404146770571
CMTSOLUTION_201002152151A	NOT FOUND	NOT FOUND	43.68679353211414	0.44258414328075013
CMTSOLUTION_200808211224A	1.5448536953560583	0.026527712516996777	648.6233877867871	0.9627266463774824
CMTSOLUTION_201310061638A	0.887186584087342	0.04161481424724067	71.76140039149578	0.9742039522725648
CMTSOLUTION_201112072223A	0.9166472889293519	0.01435494519397938	467.6945029139905	0.9988173593834643
CMTSOLUTION_201008042201A	0.760845583001913	0.01214934976532839	2101.909953390548	-0.991391413787044
CMTSOLUTION_200907081923A	1.1345802889785692	0.08910990081046788	145.70244111610398	0.9781749895630246
CMTSOLUTION_200902111734A	0.6761033364656697	0.1329534799209249	9313.39269538283	0.957170823272109
CMTSOLUTION_201108071435A	0.9970926088516381	0.026252222205614337	59.39345929867389	0.9633748261099543
CMTSOLUTION_201205141000A	0.937497739782433	0.019213490087573143	267.62330924636996	0.9956010588194487
CMTSOLUTION_201206172032A	0.8514858488019788	0.05512402784676549	1006.2513741003888	0.9655119579449214
CMTSOLUTION_201003040018A	0.8616842571307753	0.06339532366922332	1116.598737722118	0.9890212442087497
CMTSOLUTION_200812081839A	0.8987173512096729	0.05933202834315471	160.3863750331734	0.9078488491102307
CMTSOLUTION_201002271545A	0.8439371877403469	0.00475873713517869	127.70611048842304	0.9878978768479121
CMTSOLUTION_200804150303A	0.9577460530284808	0.054222652607875496	236.621356180578	0.9521375246510702
CMTSOLUTION_201302060007A	0.45976000381657917	0.02282023391448321	935.9282765601174	0.9253818395825274
CMTSOLUTION_200805092151A	0.8884905708203299	0.08796577186502885	2877.7123905125636	0.9685354048262784
CMTSOLUTION_201105061620A	0.9326920352253301	0.04711610850652444	49.82018293665611	0.9715160856359049
CMTSOLUTION_200805231935A	0.8196750515932714	0.017502629331982867	8947.842279326396	0.9839493046634809
CMTSOLUTION_201302061153A	0.862058924523677	0.1163200302959988	26.724636672480216	0.8201722275363914
CMTSOLUTION_200908170005A	1.1249465692172258	0.26355877352221124	6024.136732989362	0.8094271698789516
CMTSOLUTION_201401130401A	0.800841861643705	0.02275629520744977	1019.2055253625433	0.9744637187967283
CMTSOLUTION_201301310333A	0.8898263324799723	0.04397750331856892	144.17600612358768	0.9684298375134139
CMTSOLUTION_201011031813A	0.8267102766636393	0.0834404687972046	11.674806042582365	0.7826619455632808
CMTSOLUTION_201303102251A	0.6764784869493667	0.008217592026018307	1664.850429974454	0.9924813245819493
CMTSOLUTION_201305280009A	0.7033046600584415	0.03561687859937157	73.69650298585147	0.9443959690390992
CMTSOLUTION_201304161044A	0.7825033471558387	0.07431287920202395	21086.45460780985	0.9109438399056542
CMTSOLUTION_201107312338A	0.7007431182582675	0.01015170417330271	6345.453911706651	0.9936356732317647
CMTSOLUTION_200904010355A	0.7966334638640361	0.07834064184354282	737.2641499872299	0.9873396108406458
CMTSOLUTION_201105142107A	NOT FOUND	NOT FOUND	527.9497528948513	0.051229130189279874
CMTSOLUTION_200909301016A	0.8636204492414423	0.044301802020267456	4011.286056083546	0.8941671606735759
CMTSOLUTION_201103200826A	1.1612141446173447	0.12122661465769405	127.87484688356601	0.954901327647252
CMTSOLUTION_200905280824A	0.8353267870291443	0.036434229022878954	7173.765852669001	0.991889850541653
CMTSOLUTION_200909031326A	0.9667343740514056	0.01692041923031599	111.37285408506314	0.9638279523644554
CMTSOLUTION_201106030005A	0.833130381012588	0.14170769787345258	2108.55340935404	0.9458800395868879
CMTSOLUTION_201003261452A	0.9949400127650762	0.04703864482763551	286.95006521355117	0.8921374522606441
CMTSOLUTION_201006180223A	0.6499903037527507	0.005955253322452777	1288.300111940823	0.9851520259931541
CMTSOLUTION_200808112338A	0.9526745281347322	0.05857607252951674	287.7697215849481	0.9560926866305438
CMTSOLUTION_201102140340A	0.970272319439897	0.028120259058281017	437.02898094990525	0.9767091908498662
CMTSOLUTION_201306162139A	0.9822120217414319	0.018310189249289403	1842.8728773587718	0.8454236788788897
CMTSOLUTION_201309061133A	1.2619686208834597	0.18182956685222645	81.01897674743802	0.854831595572162
CMTSOLUTION_201312281521A	0.8138575848255654	0.05843872425954326	707.6707186862864	0.9704350596844712
CMTSOLUTION_200810140206A	0.7506426915852449	0.016930712768273137	261.61663615590277	0.9772743028659108
CMTSOLUTION_201206071603A	0.6800333519301961	0.0049799191842655665	59.88185741159626	0.9812510703097618
CMTSOLUTION_201010211753A	0.626573879516	0.016447208440891255	9031.721963379658	0.9793018675351727
CMTSOLUTION_201103220718A	0.996801801551322	0.09972294096610271	560.7600986839309	0.9595342969010089
CMTSOLUTION_200908050018A	0.9621106244634436	0.18861356257446818	2161.8409629808934	0.945738355418338
CMTSOLUTION_201007180556A	1.1936323923373895	0.04956298576353883	4164.2529960565935	0.9752873024032579
CMTSOLUTION_201111231217A	0.8281554066699995	0.006801269645302361	311.17692581129825	0.8628122666218759
CMTSOLUTION_201203141049A	0.7999976105876996	0.01527157736705923	10.25946474224233	0.933954860152695
CMTSOLUTION_201110140610A	1.0333741879660134	0.18912541890775283	10.946146806070994	0.9263587975532224
CMTSOLUTION_200908101955A	1.3109125522393772	0.08390199396507181	4316.008872026124	0.8979441954054335
CMTSOLUTION_201309040023A	1.3033765467973712	0.07048547472429807	209.68155526528895	0.9536006382162228
CMTSOLUTION_201003160221A	0.8119471636526003	0.016301233840057	11500.141753853793	0.9785388770618823
CMTSOLUTION_201007181304A	0.5504804529655976	0.1076489069067573	7085.673285165867	0.9726838494852894
CMTSOLUTION_201010031521A	0.951971307450041	0.016860748604467644	181.36084859240066	0.967496176377662
CMTSOLUTION_201102041353A	1.0126246896659494	0.047329819793322105	36.3076829737634	0.9303561753847865
CMTSOLUTION_201007300356A	0.8265366262684194	0.043438801423478356	2201.108404546313	0.907975107235782
CMTSOLUTION_201210240045A	0.8433266172219718	0.062315371240872164	2317.3548983338274	0.9863599248151346
CMTSOLUTION_200805191426A	1.4150293554231599	0.21205035506091982	201.22806163502983	0.8722773804297878
CMTSOLUTION_201205071415A	2.046980318762961	0.14282779681355004	177.08900968893653	0.7691329132473865
CMTSOLUTION_201106222150A	1.0720376710245851	0.24996734090735004	4624.12949961469	0.989692943007783
CMTSOLUTION_201401261845A	1.584402427344204	0.022790831546506587	51.97282495110953	0.7702615916042481
CMTSOLUTION_201106011255A	0.8103589465677313	0.024038275042345934	1999.636146147004	0.9911009832999591
CMTSOLUTION_201209262339A	0.8681415138408994	0.026672934773084002	1092.7264039979877	0.9087546123999671
CMTSOLUTION_200801060514A	1.2879885151455306	0.11572313146498416	346.1748385892082	0.8343175317292133
CMTSOLUTION_201209031823A	1.0681367550902556	0.1466747824679198	302.51935740155886	0.8323058694685422
CMTSOLUTION_201105132335A	0.9644216800540292	0.023871657429231818	158.02505708993468	0.9839380588011634
CMTSOLUTION_201008121154A	NOT FOUND	NOT FOUND	3663.9333510656325	0.4086586275282656
CMTSOLUTION_201005060242A	0.7387751266550177	0.04281412692164769	490.48571628993915	0.8691217127477362
CMTSOLUTION_201005251009A	1.0319657305386425	0.08080308433142828	1759.3056954000608	0.965575446920628
CMTSOLUTION_200806281254A	0.974751220895855	0.1594669205154151	438.88270961557686	0.9288943486263352
