event	E	sd	signal/noise	char_func_max
CMTSOLUTION_201308120949A	0.9839527837882486	0.022324703985097703	138.92586920050587	0.9824288296056335
CMTSOLUTION_201005241618A	3.031615278761881	0.056021403501166786	348.21292823565454	-0.766529781921312
CMTSOLUTION_201402101206A	1.6151439445033318	0.0999076928988864	39.121089063562565	0.9873278323245434
CMTSOLUTION_200802141009A	0.7897736479233857	0.16595481917823116	7207.954095912895	0.8494976838168654
CMTSOLUTION_201003111439A	0.9577832728906616	0.01627551025232524	7361.790741228627	0.9973440348430463
CMTSOLUTION_201201101837A	1.432874089170765	0.08574437651003006	5231.213125062492	0.9579662083070715
CMTSOLUTION_200906062033A	0.8864394268784597	0.03222520742482801	202.46960330455738	0.9653631397932936
CMTSOLUTION_201304060442A	0.7632174025984123	0.037306232935816044	3387.545592767242	0.9887110652476065
CMTSOLUTION_200810122055A	1.1541325321117395	0.035227477976332314	125.71347603605096	0.8258766046211721
CMTSOLUTION_201208261505A	0.8858792843282429	0.023768535635162253	898.7742350792555	0.9777287595073074
CMTSOLUTION_201111072235A	2.1217607821410494	0.13068867691952543	118.1177450943672	-0.9296679898765356
CMTSOLUTION_201103112011A	1.0657225068136553	0.04185009828300284	7.747149735921495	0.8859503235878768
CMTSOLUTION_200907040649A	0.7898464317669998	0.0512124030693251	319.94691882799304	0.9869833058320027
CMTSOLUTION_200802131958A	1.5435044345233435	0.12593196871138643	305.5992619161103	0.9614237159995459
CMTSOLUTION_201304201312A	1.0733820566859658	0.026633899443614717	177.9074207264959	0.9628507302723304
CMTSOLUTION_200905191735A	1.7216009850305658	0.14253244554472594	107.0194201143409	0.9022171887730153
CMTSOLUTION_200811240902A	2.550805777483176	0.2920198886888372	3742.9319682272344	-0.8143690804979529
CMTSOLUTION_201305140032A	0.6654626488876733	0.01786565718468281	298.9083214420317	-0.6772666241811356
CMTSOLUTION_200808100820A	0.9137650111483074	0.10427781505067596	624.4701296358955	0.8945362586458376
CMTSOLUTION_201102120117A	1.0305146668432612	0.05478730659359991	17.201661124103026	0.9811800444804648
CMTSOLUTION_200807080742A	1.2441070683839948	0.03918736759004301	312.34103502598197	0.9812901789987648
CMTSOLUTION_200906162005A	1.1512668072267445	0.035186213821958315	430.72281242677445	0.9708416448254784
CMTSOLUTION_201101022020A	0.9380287405478827	0.06240310012538848	7127.99451659409	0.9950810319135946
CMTSOLUTION_201004042240A	0.671394289099007	0.18564414125258225	2965.721699073716	0.9380113625757892
CMTSOLUTION_200908280151A	0.9689240293125257	0.09685847954420995	2628.010721281857	0.8888291444654317
CMTSOLUTION_201204150557A	1.4955522312374643	0.07451886855295164	337.8228807357378	0.8864699465919735
CMTSOLUTION_201307041716A	1.2372692667903356	0.052278856962911555	248.5638760163522	0.8625463644935832
CMTSOLUTION_201012151129A	2.6365982620013924	0.25053928782895835	39.89879268445858	0.6607396390419961
CMTSOLUTION_201310041726A	NOT FOUND	NOT FOUND	477.4961120656302	0.3355295341268663
CMTSOLUTION_201306061153A	NOT FOUND	NOT FOUND	32.980967016783964	0.5836991597646817
CMTSOLUTION_200804190312A	0.7861981764596009	0.10179802178734745	128.81446279189896	0.8362141721235228
CMTSOLUTION_201009270008A	0.9361136229014722	0.010365485969112914	252.85730425594983	0.9655675192555497
CMTSOLUTION_201401282222A	0.9517734398535762	0.04227690913149302	129.0329881239444	0.9840954373577406
CMTSOLUTION_200806050216A	1.1371367240119357	0.12879266427980562	248.58706288723403	0.9368489062027691
CMTSOLUTION_201111300047A	1.5122693044579902	0.2451308629706202	176.27148611533923	0.7821480885293893
CMTSOLUTION_200801090826A	0.6120309137620368	0.0977716229898037	2995.587342305923	0.8759034635185402
CMTSOLUTION_201210141013A	0.5885835622735779	0.03865782713309688	159.8014576219816	0.8466506511369613
CMTSOLUTION_200808042045A	DiffNPTS	DiffNPTS	DiffDelta	DiffNPTS
CMTSOLUTION_201004302316A	1.1247015352474803	0.0424326923768819	4693.536314843074	0.9947932205425652
CMTSOLUTION_201004231003A	0.8251759897530074	0.05430995648741636	388.0931833324281	0.9761721139206887
CMTSOLUTION_201310312303A	0.8978119025578626	0.039282172035683384	1941.5632012593733	0.9968163773808656
CMTSOLUTION_200904070423A	1.0718612466716169	0.0569575955185712	8100.788993573471	0.9667438910905928
CMTSOLUTION_201204112255A	1.0242140410669474	0.014373770783418567	1079.5380959654954	0.9941192611271912
CMTSOLUTION_201301302015A	1.0031514512684339	0.0946155184917798	2351.7680629397155	0.9599046807958811
CMTSOLUTION_200912100230A	1.3812799037133139	0.34348745617214393	143.79142553916185	-0.8563311944121325
CMTSOLUTION_200907061453A	1.2410887498864733	0.18422195563061286	201.42723656013152	0.9559208652648483
CMTSOLUTION_201105280547A	2.4800670635249595	0.9176271372057154	19.341764428012645	0.7897628078059097
CMTSOLUTION_200908031800A	1.5176620176927236	0.09408733111444435	6947.246185746764	0.8509031146359916
CMTSOLUTION_201006010326A	0.9820863533362516	0.026155811546376147	330.5414003639902	0.9849256533678777
CMTSOLUTION_200805201353A	0.94323920738679	0.07525917418057775	395.8220634928972	0.9426348323657514
CMTSOLUTION_200808262100A	4.155753498292745	0.7999646397188205	414.44434898635683	-0.7162272620511113
CMTSOLUTION_201005190415A	NOT FOUND	NOT FOUND	147.53454821883432	0.45843056883958055
CMTSOLUTION_201204171903A	1.031679498917963	0.0303225873381458	364.1701464062124	0.9960987140089967
CMTSOLUTION_201206070405A	0.9108390641295742	0.05372896391207246	664.3136749986649	0.93282743308679
CMTSOLUTION_201308070906A	1.0895235264556846	0.08967723687699024	110.45736780460265	0.9834912165269698
CMTSOLUTION_200908031840A	1.5618137382116477	0.13170014220562637	1354.5979288384385	0.8945319301708153
CMTSOLUTION_200906191405A	0.9842553090626099	0.08290380068970592	656.904834091689	0.7760156317564119
CMTSOLUTION_200810301515A	0.9035871967336351	0.03941380367011694	104.74004647433364	0.9731517600672389
CMTSOLUTION_201402180927A	NOT FOUND	NOT FOUND	367.0781252094886	0.3303013245255182
CMTSOLUTION_201107160026A	0.862342940660799	0.008030496658623699	381.33086760742725	0.9980888259203349
CMTSOLUTION_201104071311A	NOT FOUND	NOT FOUND	12793.928642385916	0.5801727110170165
CMTSOLUTION_201002271900A	0.8695337331122649	0.015005415480242921	20.57363817028547	0.9830530762987216
CMTSOLUTION_201306242204A	0.9215436789928226	0.06634930692812506	3612.6010631944105	0.9772909329997648
CMTSOLUTION_200908171011A	1.3344788880317935	0.1668817993358167	1049.092359133203	0.9137662948348432
CMTSOLUTION_201302010536A	1.0511597971188011	0.21942218530332977	45.5128110455878	0.942724634635315
CMTSOLUTION_201201151421A	1.0178231185340643	0.05544516196370566	807.0565411409017	0.9915630537802544
CMTSOLUTION_201306050447A	1.0869874371960002	0.09688975095856626	408.06087306534545	0.9929179980911774
CMTSOLUTION_201001220046A	NOT FOUND	NOT FOUND	98.24734464783444	-0.5762667884995277
CMTSOLUTION_201003051147A	0.9572013704773827	0.029711315425122682	556.5288889091771	0.9917432851358414
CMTSOLUTION_200802270654A	1.86125703535025	0.3581223828531263	140.25853934326832	0.775772378985171
CMTSOLUTION_200905120126A	0.9544946958775369	0.021991633075732417	171.9729710745584	0.9728095254929261
CMTSOLUTION_201106240309A	1.0041017088619204	0.02392350603923351	11109.562819100127	0.9815676110246916
CMTSOLUTION_201310121311A	1.00889067347751	0.04133752156372551	6804.137387975867	0.8416110066215164
CMTSOLUTION_201112271521A	0.945462850021154	0.02727353351955561	9504.473306601878	0.9902437641745928
CMTSOLUTION_201204200121A	1.6779505041426446	0.3443998418461069	41.89192661804218	0.9752336458845279
CMTSOLUTION_201310311202A	1.6932308603608766	0.1278638147685455	359.0405515200995	0.6900984781991677
CMTSOLUTION_201109181240A	1.0336144936158622	0.00893131884975894	2895.4237582580226	0.9515893886849027
CMTSOLUTION_201002180113A	0.7909365700070663	0.01972896295674563	1143.7417354616737	-0.7255672526877829
CMTSOLUTION_201109091941A	1.208287762924509	0.06081129064240837	1206.086688994856	0.8996145900146371
CMTSOLUTION_201107161959A	1.0018878013973287	0.025214910551070634	93.01237685002445	0.9919828609772962
CMTSOLUTION_200909020755A	0.9840257170188562	0.07062637288322475	4880.663932533371	0.8876168213384225
CMTSOLUTION_201011031118A	1.1325117698418625	0.0777902643423532	102.8284641732611	0.9128428434838795
CMTSOLUTION_200905100116A	1.0975904958352796	0.08856536882093098	301.0312553754392	0.9559053565107734
CMTSOLUTION_201304051300A	0.7187283463033634	0.03165324503331789	105.89973491977209	-0.8301067169639329
CMTSOLUTION_201003031744A	0.9467566918177612	0.038113875329192935	327.7914958973352	0.9986974512980397
CMTSOLUTION_201001032148A	1.0520131283649636	0.22118666242785	2477.075050972603	0.9659257925013581
CMTSOLUTION_201211161812A	0.9470600561282455	0.029820956666109868	5669.8919176047575	0.9695417096083463
CMTSOLUTION_201007181948A	0.8558477096220641	0.10699906641793276	73.62696390272465	0.9777637728442699
CMTSOLUTION_201103130126A	NOT FOUND	NOT FOUND	170.1085219551187	0.39246543341274626
CMTSOLUTION_201208101837A	1.0799032581972168	0.10760521323738187	595.5260652056243	0.9855969865898715
CMTSOLUTION_201310251710A	0.7475213849517297	0.10232073325523061	10453.590493839063	0.9645014199613265
CMTSOLUTION_200912170137A	NOT FOUND	NOT FOUND	989.0691071138332	0.5713872560993267
CMTSOLUTION_201205070440A	1.776705861710963	0.13088323909946328	516.380878855615	0.9422787441293199
CMTSOLUTION_201211190944A	1.069936424677243	0.0770038595999084	114.38173524652132	0.9555973209401468
CMTSOLUTION_201001032236A	1.0970892963068513	0.20674360732036484	1483.096755667229	0.9656493079043129
CMTSOLUTION_200802250836A	0.5356175827419393	0.020875179367876744	3208.0854290460366	0.9691139638384929
CMTSOLUTION_201210300249A	0.9463938077197525	0.075058582362807	1803.9521318501734	0.9924386220902707
CMTSOLUTION_201104091257A	0.836760717247764	0.07445335966627459	340.60341453749265	0.8086340023673029
CMTSOLUTION_201005232246A	1.0402871607902797	0.061817247055577375	37.834635103908454	0.9795156017973832
CMTSOLUTION_201203252237A	0.9326693877525633	0.033574796914026026	5699.953889319008	0.9784475966302039
CMTSOLUTION_201109021347A	3.1684398551107353	0.067690666139919	13.502307000264317	-0.8517925219669406
CMTSOLUTION_201011100405A	0.7466479503712687	0.06905321158919711	399.98327459940344	0.8794458006744695
CMTSOLUTION_200804231828A	1.8202584879753267	0.07318035426535982	254.7512923367371	0.7142997631472742
CMTSOLUTION_201310120210A	0.92570132819235	0.0908108727093246	137.6289970244434	0.8248943009942898
CMTSOLUTION_201004132349A	1.0906417199734852	0.12963214309974833	3663.5370787637985	0.9508721903332067
CMTSOLUTION_201304140132A	0.9937488534884462	0.02437139710909575	429.54798439927356	0.8683171461776676
CMTSOLUTION_200805071602A	0.8010812985952417	0.1233927241075683	5942.629400087229	0.947130797673753
CMTSOLUTION_201310150012A	1.1831149365422795	0.05850646566099319	3064.4158985432186	0.8235402632782503
CMTSOLUTION_200805071616A	0.7857423210295817	0.11220912195419493	5524.141259840958	0.9429601399471069
CMTSOLUTION_201102101439A	NOT FOUND	NOT FOUND	101.66980467968608	0.3391320456985421
CMTSOLUTION_201309280734A	2.3178151848109443	0.0796227606673724	10697.937147207533	0.8604029438593037
CMTSOLUTION_200903161415A	1.1586256787661888	0.16461048574655587	609.4036378490074	0.9739603089916768
CMTSOLUTION_201310161031A	1.1314550626720594	0.03024196170333724	1457.2102182947224	0.9258919135491455
CMTSOLUTION_201208111223A	0.8092178474197832	0.07210787734075254	4944.699516829896	0.8757696336890851
CMTSOLUTION_201402120919A	NOT FOUND	NOT FOUND	13075.470266947508	-0.32306098366942104
CMTSOLUTION_201005141229A	0.9730840878393376	0.009748159885755888	248.38296599573448	0.9595354468931608
CMTSOLUTION_201006160306A	2.329542932671916	0.3608413312335564	2176.921447564683	0.7593871138956124
CMTSOLUTION_201001050455A	1.0267380007075548	0.01616247923198439	1543.9714186079914	0.9800645282455219
CMTSOLUTION_201206040045A	0.9363597849319474	0.061733949706801974	287.9103377122509	0.9884469721598286
CMTSOLUTION_200909240716A	0.9594178196888676	0.10293658995239284	1457.8384501021694	0.9744936862778076
CMTSOLUTION_201206140552A	0.8823983632571056	0.01857819910501941	38.34000969617956	0.9202550045375769
CMTSOLUTION_200811021348A	0.8967642289451602	0.019694892636970926	227.7463564437133	0.9848318046807137
CMTSOLUTION_201103090245A	0.9114190503548221	0.07007009715766059	29738.915164536564	0.8324502109105353
CMTSOLUTION_201211071635A	0.9790908537347844	0.06870417017537503	10036.939239766569	0.9926380960196622
CMTSOLUTION_201309040627A	0.9624292310263682	0.023476516459370007	69.31703354061335	0.9909384759628374
CMTSOLUTION_200803031411A	NOT FOUND	NOT FOUND	540.0507577852616	0.49930771450273265
CMTSOLUTION_201312010629A	0.7184105400418227	0.048490866545229924	78.01554092695191	0.8826094532919943
CMTSOLUTION_201005260853A	NOT FOUND	NOT FOUND	1228.9811442307368	0.47165881337291377
CMTSOLUTION_201004022258A	0.9479557663746713	0.042042168534021096	347.81566991371074	0.9741989462300763
CMTSOLUTION_201010251937A	1.2774535949300387	0.15735699618178134	34.70276363021231	0.6914806194439521
CMTSOLUTION_200902120830A	0.7605184909722467	0.17317415479848358	51.051682164672066	0.8078104415625672
CMTSOLUTION_201304200002A	1.0125610635197564	0.04815522103955939	2167.1993905069335	0.9778161206841434
CMTSOLUTION_201204210116A	4.132507048271523	0.3484901351411376	419.7236342260337	0.6612889431411396
CMTSOLUTION_201011030056A	0.4687150092475176	0.039610097900838574	60.64973229666754	0.6605588881389464
CMTSOLUTION_201003241411A	1.2708765848732533	0.016920617306096335	29.249127493649254	0.9263006073324839
CMTSOLUTION_201204141056A	0.8873722478835816	0.03687369117075691	352.3918706559382	0.9723280131589831
CMTSOLUTION_201305241456A	2.4057799376233002	0.2762856573304031	92.59121901897112	-0.7018240076920044
CMTSOLUTION_201204170713A	NOT FOUND	NOT FOUND	158.36677985234869	0.38546788184926484
CMTSOLUTION_201203140908A	1.065884086060167	0.19837226830256238	7042.4247636838545	0.9828648585853383
CMTSOLUTION_201002231025A	NOT FOUND	NOT FOUND	28.731681495247845	-0.5183331285859376
CMTSOLUTION_201212070818A	1.1237591131729847	0.15489299608449936	17340.48571068031	0.8802472981849467
CMTSOLUTION_201003081112A	NOT FOUND	NOT FOUND	7.162236506660593	0.41900183583173056
CMTSOLUTION_201002262031A	1.8899374836984901	0.03504779146509524	4938.546697406192	0.8306814255372076
CMTSOLUTION_200811071604A	0.6977093140070335	0.09108722256377622	226.79494375386858	0.9022578210229536
CMTSOLUTION_200808270135A	1.0453465225499752	0.06395644312267093	1588.5474967702855	0.9237298504512673
CMTSOLUTION_200902281433A	1.1302872152556316	0.1504827297746828	205.86571016821725	0.9489947210613172
CMTSOLUTION_200806031620A	0.8171608447171378	0.03195217314416038	495.12208300757123	0.9632979369319975
CMTSOLUTION_200810281600A	0.9972277045000468	0.08645677833457607	252.72070886181797	0.9754861155351648
CMTSOLUTION_201207250027A	1.2234696603088664	0.2117578793583138	375.1307255678579	0.696402772878458
CMTSOLUTION_201311120703A	0.9390124456249397	0.04192043847003345	966.3438718910627	0.9915411330831398
CMTSOLUTION_201204120706A	NOT FOUND	NOT FOUND	7318.040233087487	0.5022112005431049
CMTSOLUTION_200801051101A	0.8111354454477478	0.06357301200893832	1818.5787657394426	0.9742527154937155
CMTSOLUTION_200809101308A	0.8863970741266616	0.02288346798190829	1797.0320521011895	0.9925911823156632
CMTSOLUTION_201304191958A	1.2070892073332116	0.11387439389631869	153.93507746574963	0.9781177942910412
CMTSOLUTION_200912192319A	1.2336868755012105	0.08882180421954372	139.09355698552724	0.9387233446538915
CMTSOLUTION_201108102345A	0.8044489685254294	0.13754063128462385	827.682905096548	0.8983007109303401
CMTSOLUTION_201208121047A	0.881371929445774	0.01220973177348258	1124.1051092626485	-0.8659297170162603
CMTSOLUTION_200810282309A	NOT FOUND	NOT FOUND	1209.7904574546055	0.4818244639532856
CMTSOLUTION_201007120011A	1.0816866078492813	0.02628977137638828	666.5014704663489	0.965738598083078
CMTSOLUTION_201110281854A	0.9305392137743187	0.14178169241351124	4276.932441599785	0.9703809054566199
CMTSOLUTION_200912091600A	0.9976655591747815	0.08561145152380166	1427.660555457346	0.9671160535296264
CMTSOLUTION_201008142301A	0.8495245851712526	0.08977955605642189	1438.7689412386308	0.9895111868903516
CMTSOLUTION_201108171144A	0.9643437313259621	0.17508207741212867	910.2126831551705	0.7988514840157321
CMTSOLUTION_201206191556A	1.0055811713194807	0.09389405630580362	403.69679719700457	0.9874849332535539
CMTSOLUTION_201212070831A	1.0937897198291078	0.08776514359841353	14281.873049723854	0.8719713201923095
CMTSOLUTION_201110232045A	1.9117550159231185	0.03488144456683891	371.5597875041103	0.9604153302536886
CMTSOLUTION_200807050212A	2.4855721910868867	0.22024670508855512	18823.221350203705	-0.8702246430319818
CMTSOLUTION_200904040531A	1.1798452878745471	0.09048298826676587	344.404872378087	0.877288886486352
CMTSOLUTION_201007232251A	2.452416453066609	0.1450169204030879	267.6568150345841	-0.9752761122175029
CMTSOLUTION_201107112047A	0.5296957117770185	0.049624715237204096	907.6307388772503	0.8527377984860646
CMTSOLUTION_201003111455A	0.9552790336457971	0.01771727600268207	10571.458231641296	0.9889573775273789
CMTSOLUTION_201106230734A	NOT FOUND	NOT FOUND	1975.2428642738882	-0.1372796580379782
CMTSOLUTION_201205231502A	0.9204407298858625	0.19279268854340945	256.6597509605509	0.9281884835279661
CMTSOLUTION_200902162316A	1.0289326646343162	0.07790875569305825	487.58725343814035	0.7482570462029979
CMTSOLUTION_200907010930A	0.9767176410186289	0.08272978138730852	4506.768363964953	0.9197126427104633
CMTSOLUTION_200902120349A	1.4028419778020957	0.16037611138327834	267.922279107157	0.9005130532097583
CMTSOLUTION_201310191754A	0.984895870130219	0.02587684746528534	2634.441057902733	0.8720651937128083
CMTSOLUTION_201205262148A	1.1785178890143557	0.20070824900979586	17.504946991075457	0.9525545110200995
CMTSOLUTION_200806032204A	0.7033821347810922	0.02211286696711242	47.22719152144675	0.9953437809517741
CMTSOLUTION_201102071953A	1.355486544821495	0.057455130944611334	106.93307418532333	0.9497258937130867
CMTSOLUTION_201007201918A	1.0065657284828295	0.12849312009972558	258.94492917889	0.9529174491395959
CMTSOLUTION_201303202228A	0.9616125500154546	0.05817865917001421	319.27187321048206	0.9795743954580286
CMTSOLUTION_201207200610A	1.0194412438643778	0.1739990400733245	435.7603800232397	0.9562420333574941
CMTSOLUTION_201105151308A	0.5603781214788521	0.06990797589265847	263.1689126061676	0.9297884320706578
CMTSOLUTION_201109141810A	1.0835250396505731	0.0974843566617178	337.3145681549339	0.9636219815904741
CMTSOLUTION_201311160334A	1.0052426792932863	0.05475791595841799	1696.3790167729967	0.9883871200358687
CMTSOLUTION_201301202332A	0.9565656730593138	0.009334345625493103	275.9128988694008	0.9828214976075378
CMTSOLUTION_201002070610A	1.3669119332155681	0.11926091420656088	1171.8878111869935	0.9323877851812081
CMTSOLUTION_200807240143A	1.032627384936307	0.020945782657299215	1361.9912358567126	0.9961146729661984
CMTSOLUTION_201206040315A	0.8369068830336738	0.10029178735467963	48.13514246349669	0.9140411071556119
CMTSOLUTION_200807131458A	0.7324839085941096	0.05118390177601881	1591.4049980840327	0.9338924462074845
CMTSOLUTION_201006240532A	1.1238788499321084	0.006708651380130578	53.50869935554694	0.9909314865507117
CMTSOLUTION_201206251305A	1.467471396599853	0.018934373525921814	36.52866112786633	0.7019236641829187
CMTSOLUTION_200907071911A	1.154915425258037	0.02279507712812356	439.9632628182988	0.9776269366861043
CMTSOLUTION_200803202233A	0.8317091310125501	0.1259980000873906	50986.870712104006	0.7372355711335898
CMTSOLUTION_201303240418A	1.0587021141613784	0.14605364750177283	535.2186001167315	0.9876184900322846
CMTSOLUTION_201201010527A	1.3808122601016473	0.1254178899871145	386.15968796580376	0.7200127740363044
CMTSOLUTION_200804140945A	0.855393502975348	0.020025700097328385	167.5428606552207	0.9716437357653402
CMTSOLUTION_200811221849A	1.0000750286435165	0.10426027239773174	54.08294073621555	0.9703125328860794
CMTSOLUTION_200803030237A	0.6412180560972849	0.047630547698957054	130.36568437949325	0.8789749330511353
CMTSOLUTION_201203040331A	NOT FOUND	NOT FOUND	93.42603696777005	0.3078677236290378
CMTSOLUTION_200811010113A	0.8917381815216432	0.16352472953739827	67.74834737015206	0.9349570311563311
CMTSOLUTION_201112140504A	2.804772911020149	0.8048717905533928	801.3845224783174	0.6726309096118062
CMTSOLUTION_201103251136A	0.8336567062753236	0.072102446301829	736.1407735794189	0.9170899879534129
CMTSOLUTION_201107261744A	0.8694103711308407	0.08868183910320827	597.215366539815	0.9754451847312602
CMTSOLUTION_201202061010A	0.8493061746266003	0.04477475819983193	8.29061094015621	0.990226071262948
CMTSOLUTION_201208140259A	3.935154374056661	0.7114165116049194	30734.54551437185	0.6048351465937026
CMTSOLUTION_201003080747A	1.3615423451202324	0.0771649284957092	221.44954463215083	0.8526499326973946
CMTSOLUTION_201208180941A	1.4504399142364504	0.4456567508650082	142.6763114474492	0.8194078183315205
CMTSOLUTION_201301281638A	1.1397763377378032	0.1663979530518101	742.2616075792034	0.8811963624033251
CMTSOLUTION_200809240233A	0.9915096240337065	0.020943420105590825	1265.3829184014858	0.974695933787477
CMTSOLUTION_201210120031A	0.9755026324847603	0.10472711659658542	607.5283156383658	0.6161284435348119
CMTSOLUTION_201007140832A	0.9054744347501313	0.023375824060956917	2082.213010766004	0.9922979090858132
CMTSOLUTION_201306151734A	0.9677982690680247	0.020474924845943484	72.08523733920833	0.9229332194412143
CMTSOLUTION_201105151837A	1.0521699308162928	0.041726208985047614	1184.3180487277232	0.9416079068723657
CMTSOLUTION_200806222356A	0.9580825398688209	0.04867209582594258	131.42269026874212	0.9913016493313934
CMTSOLUTION_201109021055A	1.2517421935572015	0.018476937368884293	3697.1841521530387	0.9733527824274941
CMTSOLUTION_201107100057A	2.1703423398696398	0.42541805655545845	3262.69993632018	0.8772247813506124
CMTSOLUTION_201008240212A	1.119034928688428	0.0654429877818889	249.5775634069991	0.9807572084645279
CMTSOLUTION_201402010358A	0.8585844818364251	0.040339999439747594	102.52039223271618	0.9859389515581007
CMTSOLUTION_200811161702A	1.8089923777944736	0.04221970249811804	7603.865478914064	0.9278969145090532
CMTSOLUTION_201312172338A	1.6858026546924803	0.21733580942201228	195.95535949537572	0.6707103855383945
CMTSOLUTION_200807191101A	1.0473863844058866	0.061357986442665824	9.851437565757728	0.9744620012197693
CMTSOLUTION_201002281125A	0.9032165233272859	0.014679043672339236	330.02909503709316	0.9988963116082689
CMTSOLUTION_200908280152A	1.1199555496446172	0.10023279095805092	1945.6416096215341	0.980575921975351
CMTSOLUTION_201004260259A	1.1240400674102686	0.13449098953962108	1994.697628986607	0.9092780936883588
CMTSOLUTION_201402262113B	0.5075994952217578	0.01571476660869341	109.06823843445207	0.771898683630123
CMTSOLUTION_201209190917A	1.2566518693810873	0.12617930042104503	12.492237974366912	0.6013428387033138
CMTSOLUTION_201003051606A	1.13572385789073	0.06150727277576447	647.2475897755457	0.6012923529109561
CMTSOLUTION_200908122248A	1.824858883435323	0.18361929049319675	1359.4633362580598	0.7930831248974372
CMTSOLUTION_200803030931A	1.1781149277245317	0.06595825809338922	1443.095018057883	0.9294059816378648
CMTSOLUTION_201003050919A	0.902428720776118	0.024365688675231634	235.09228247354037	0.9904173313853512
CMTSOLUTION_201005032309A	0.9003564815607498	0.01049943219407838	678.744112077112	0.9973352887122646
CMTSOLUTION_201302060123A	1.4143871387727696	0.0310005182695636	912.6035490903105	0.9089708807193801
CMTSOLUTION_201003080947A	2.059051549480833	0.24125457221742624	12.006827370574769	0.8485446382760374
CMTSOLUTION_201003070705A	1.1010874501895918	0.051516567384081856	68.02309205287558	0.9388682524923905
CMTSOLUTION_201302170542A	0.8575988233636822	0.09997740255751188	73.20662867877907	0.7391015986292468
CMTSOLUTION_200906231419A	0.9378404706433766	0.065010491168338	692.4141517206547	0.9608870230482223
CMTSOLUTION_201111091923A	1.7022347339839867	0.47806213146857446	586.0872996467134	0.6396590926267094
CMTSOLUTION_201309050401A	0.9362762525659865	0.019627499674346256	1809.6189215651452	0.9929532482480167
CMTSOLUTION_200802101222A	1.1958344939490297	0.005241672259540086	1188.8915843897094	0.8846130975899567
CMTSOLUTION_201307212345A	0.7521987734355362	0.07158741443455986	602.6637940109364	0.8954899892561407
CMTSOLUTION_201304210322A	1.4508522114691136	0.1940167198274129	130.81406182389804	-0.7854878973896473
CMTSOLUTION_201205280507A	2.7731023814098203	0.07614795877868524	1016.0929247204117	-0.9420903638878931
CMTSOLUTION_201209220352A	NOT FOUND	NOT FOUND	50.90085351148216	0.5670384601406026
CMTSOLUTION_201308301625B	0.9174433194448194	0.007353822568691319	6775.5934152567625	0.9961415084999575
CMTSOLUTION_201105132247A	NOT FOUND	NOT FOUND	639.3193716116455	-0.2777081906913164
CMTSOLUTION_200907131805A	1.1203418627247135	0.14500299751203077	1449.558076958528	0.9247900121667461
CMTSOLUTION_200811100122A	0.6584779807685547	0.0052657048759652365	1777.3451494220162	0.9668283570035885
CMTSOLUTION_201309300816A	0.8817568555853311	0.0469112766854731	9.931498887242238	0.9697057888636812
CMTSOLUTION_201009291711A	0.85555981269819	0.13474071836342558	1974.822384605614	0.8320727716916473
CMTSOLUTION_200802201827A	0.8817077316843815	0.0470131750403172	4488.488150279433	0.9798205609512651
CMTSOLUTION_201107190713A	NOT FOUND	NOT FOUND	15.697214800874882	0.44801589429223027
CMTSOLUTION_201110231810A	NOT FOUND	NOT FOUND	204.78397057175775	-0.5945509325820226
CMTSOLUTION_200909172321A	1.1900607668558985	0.07186911564361674	187.5056808403981	0.9727548225926226
CMTSOLUTION_201107151326A	1.1304646399968046	0.03331176750399923	51.59855068502806	0.9878364907151951
CMTSOLUTION_201104242307A	NOT FOUND	NOT FOUND	1205.7548555927474	-0.19218292009013804
CMTSOLUTION_200805310437A	0.746323225025283	0.021171596467046482	648.2201445090617	0.8581099920448528
CMTSOLUTION_200812182119A	0.8663597687472827	0.02244563438219561	699.1177704892245	0.9956569177486497
CMTSOLUTION_200805020133A	1.1946865116992644	0.09803578714604884	4452.974646497548	0.9897572829281481
CMTSOLUTION_200804241214A	0.801908682018305	0.06492163077723216	656.6838192902447	0.9893329375171255
CMTSOLUTION_200908100406A	1.0803616505625864	0.154984059966604	900.0205310892343	0.9901194073528699
CMTSOLUTION_200804152259A	1.0776330658878375	0.07592985984360895	3054.1831614160733	0.9776706264770985
CMTSOLUTION_201206020752A	0.7753820075963662	0.017648364691457964	72.24688930348164	-0.9450375487073008
CMTSOLUTION_201206240315A	1.1226795091546469	0.07749708141319366	336.29900395988017	0.8652929351920131
CMTSOLUTION_200810161941A	1.0558022581690114	0.03959729371830955	900.5405459260744	0.9870716942330338
CMTSOLUTION_201206101244A	NOT FOUND	NOT FOUND	2869.4963173047167	0.24787121688464667
CMTSOLUTION_201210012221A	1.2594463292123554	0.0914193569562818	862.4986565704336	0.9335676017294327
CMTSOLUTION_201203201756A	0.9050630987411625	0.09324391590063963	15624.130841038714	-0.9331921507355946
CMTSOLUTION_201203261812A	0.8922163238590606	0.018365418255693204	34.77892974583639	0.9974537401891918
CMTSOLUTION_200801100137A	0.9004250820412143	0.025578700684298423	1019.2506307600592	0.9431726820897602
CMTSOLUTION_201210081143A	1.0461315429129192	0.05482637535714553	173.87167261658027	0.8508886289431702
CMTSOLUTION_201003282138A	0.7856614389946727	0.045912546753782604	57.80605582974011	0.9914614952919453
CMTSOLUTION_201307071835A	2.6349377451571683	0.09135803198840814	1192.5626206478155	0.6202413608913804
CMTSOLUTION_201301081416A	NOT FOUND	NOT FOUND	897.7058601432782	0.38900154002542375
CMTSOLUTION_201110231041A	2.5384503677165324	0.65746632998409	49335.215419453634	0.8644864949644875
CMTSOLUTION_200901130104A	1.295258278467733	0.10412919173081371	163.30872323247897	0.9474308360625698
CMTSOLUTION_200806300617A	1.2166144550677669	0.16892665708664809	2978.981617011793	0.9768383795373331
CMTSOLUTION_200803151443A	1.8281971110400579	0.16275015546324142	88.58156323993443	0.9522605378978756
CMTSOLUTION_200803201410A	0.8437997847014076	0.08116577893284735	212.65734862010947	0.9519718232796693
CMTSOLUTION_201004240741A	2.799521849817947	0.7885482714438043	84.97699546324047	0.68590199216158
CMTSOLUTION_201304190305A	0.9362227882219399	0.014634514911789045	5531.671590171376	0.984621681567314
CMTSOLUTION_201108161103A	0.8070682940167591	0.09171161950008873	129.457502188211	0.6797360025854555
CMTSOLUTION_201307220701A	1.0201514707294037	0.021135530608009448	1443.8626302137977	0.9506126320724823
CMTSOLUTION_200812250320A	2.6749847468278984	0.1280598266510941	232.47054715602235	-0.8312741005566707
CMTSOLUTION_201108300657A	NOT FOUND	NOT FOUND	1375.2718764812823	-0.30772052879818856
CMTSOLUTION_201003151108A	0.8685246560479906	0.049856714138847666	79.6636792576868	0.9951836804733242
CMTSOLUTION_201005160652A	0.9770737060562361	0.0581557467803689	20.705972064387126	0.9134818549317753
CMTSOLUTION_201111142208A	2.256281982603474	0.2036980464740126	40.206641696614405	0.8905943247696455
CMTSOLUTION_200807080913A	1.1745384940289705	0.08648479870204444	8.720170056881695	-0.9475096330169702
CMTSOLUTION_201306020543A	1.5746341700126347	0.05097199297331325	345.1877639302578	0.8488643676669425
CMTSOLUTION_201110292224A	1.3679994284915722	0.07402888771238189	41.49581056914882	0.9388970486119965
CMTSOLUTION_201011030251A	0.8831013170942509	0.11251570619233958	74.70653402723099	0.9484700886412027
CMTSOLUTION_201302221201A	2.521309673252461	0.2502610496669592	58.18047951185525	-0.8670063397994546
CMTSOLUTION_200805071645A	0.7861823519444757	0.1246499600863161	446.3305926786557	0.9498892617628418
CMTSOLUTION_201211112215A	0.9594862144199556	0.013787183923571646	273.6319785421716	0.9904329140611973
CMTSOLUTION_201307072030A	2.357742704981991	0.1401639903967757	5.921563100506587	0.8398774617181214
CMTSOLUTION_201104211337A	NOT FOUND	NOT FOUND	318.0362465639113	0.4476418803850245
CMTSOLUTION_200906050330A	1.6697200925681654	0.04219779952198595	2570.828876101189	0.8806621754564095
CMTSOLUTION_201105192015A	1.0144852267489886	0.09793199172341338	496.088555625645	-0.6516668666440104
CMTSOLUTION_201308211238A	1.0140894378066834	0.04744500944631193	267.0187042299268	0.980618330846087
CMTSOLUTION_201005090559A	1.6046108089697058	0.49902067257658	9668.760706139463	0.8734489987550357
CMTSOLUTION_201102112339A	1.0348449159964768	0.058445781152072135	29.24056397451201	0.9903458809259333
CMTSOLUTION_201206230434A	3.6427452512832654	0.3148128581156803	100.08236372320223	0.8259855262976394
CMTSOLUTION_201211141902A	0.974182908465407	0.045360475584433055	1034.026215357854	0.9928980222634995
CMTSOLUTION_200909071612A	NOT FOUND	NOT FOUND	211.18157016118056	0.5398251000178584
CMTSOLUTION_201307151403A	1.5274501082815304	0.10896917158458122	3905.8095117701714	0.9735401343907402
CMTSOLUTION_200808281522A	0.9412759208775793	0.04927115932408227	413.9321652434047	0.9299627996729902
CMTSOLUTION_201309040232A	0.9306651334063168	0.01916078297905865	230.55154539908568	0.9970791319804544
CMTSOLUTION_200806061342A	1.1537332036670704	0.064533146951194	47.73749948354231	-0.8704682270986696
CMTSOLUTION_201403020937A	1.0093993760816804	0.04361090436985477	1024.040484667142	0.9796157275603065
CMTSOLUTION_201102202143A	0.8160647077359874	0.03213250429192773	711.2360776224343	0.9919217116090779
CMTSOLUTION_201110060039A	0.9350910283035352	0.017135915533641105	42.222496348756636	0.9596136328387056
CMTSOLUTION_200808151025A	0.912093589221236	0.1462084184516913	312.83657688496504	0.8715902698345055
CMTSOLUTION_201309260118A	NOT FOUND	NOT FOUND	55.2370231312619	0.42698210027445516
CMTSOLUTION_201009261212A	2.1907868588046964	0.2893191731790705	45.47759122685462	0.8144075492536914
CMTSOLUTION_201001171200A	0.8874782667459746	0.05840000428219136	331.33856464396086	0.956603560305493
CMTSOLUTION_201101290655A	0.9514375788972365	0.026271074607041017	4814.720110062997	0.9906111113154709
CMTSOLUTION_200906041725A	1.043522713651758	0.037576375209164424	691.3390963671881	0.9203964478135186
CMTSOLUTION_201108311217A	0.8721571686324858	0.05205741190731537	87.81331066627668	0.9637764313254773
CMTSOLUTION_201311191332A	0.7263748278197404	0.04369942212649936	187.04504228142716	0.8752421376642735
CMTSOLUTION_201208301343A	0.972453741513548	0.04029850239851276	6329.13313997443	0.9951870452607283
CMTSOLUTION_201103151523A	1.2623740190770634	0.06360173529172193	38.24297056958405	0.976745550182649
CMTSOLUTION_200812061055A	NOT FOUND	NOT FOUND	103.16704108334966	-0.5535853945316006
CMTSOLUTION_200803131328A	1.0399533254845856	0.08174011155131532	177.78690144679467	0.8764602190632297
CMTSOLUTION_201012201841A	1.021072497636109	0.20692301744825306	402.68071160295506	0.8516373159708839
CMTSOLUTION_201006121926A	1.5237928821905464	0.3729551434027791	18589.049624062856	0.765107612673306
CMTSOLUTION_201208192241A	0.6473395514338693	0.041403912362104126	125.69695630087963	0.8369896613078559
CMTSOLUTION_200806132343A	1.1142372125203548	0.1320027367740542	9867.186914791366	0.8847416700814141
CMTSOLUTION_200802231557A	1.2817487481640002	0.048584563815286204	161.64775016229214	0.9315540706919297
CMTSOLUTION_201003250529A	0.7955826347404135	0.03443927433347597	165.17038273321916	0.9172794551485824
CMTSOLUTION_200812282259A	1.5419338819534605	0.24713039689617883	17.42804023364104	0.9035163823610692
CMTSOLUTION_201107191935A	0.9250613704183729	0.02801009958274923	885.5436880026164	0.9797601992656796
CMTSOLUTION_200901031943A	1.1121120880717954	0.1555010367998001	6639.6699300213395	0.8912832396262259
CMTSOLUTION_200905241617A	NOT FOUND	NOT FOUND	188.39894870132935	-0.2928851639588216
CMTSOLUTION_201209140451A	0.7137533538741743	0.05985533734746423	269.2392009424835	0.8910925691163555
CMTSOLUTION_201003140057A	1.3435967976481487	0.23062230906708833	373.35064585759767	0.8151296347871153
CMTSOLUTION_201106261216A	1.5812862485854602	0.2500616645984062	750.5687175544745	0.8967756435522015
CMTSOLUTION_201212101653A	4.060027459384084	0.11763254534834507	2559.3080045406514	-0.8503887380782884
CMTSOLUTION_201109030449A	0.92440595561993	0.028274582802028343	1619.6386801243316	0.976185793356513
CMTSOLUTION_201207260533A	0.9486005814007392	0.08273474469432744	572.2089414544578	0.887495603014318
CMTSOLUTION_201307020737A	0.9802824810541816	0.24638526204245126	469.33400718699113	0.7946870907356327
CMTSOLUTION_201003201400A	3.369089126244186	0.26739872720098923	382.0581081625745	-0.820559572265171
CMTSOLUTION_201008151509A	1.107771927942448	0.11143640976593878	63.916627795948685	0.950412006123561
CMTSOLUTION_201111231924A	1.0136386822008063	0.10734002859458767	552.4260035143848	0.8227014185371928
CMTSOLUTION_201007181335A	0.864209306496166	0.06781869977714801	8581.08417259205	0.9818139841463674
CMTSOLUTION_201109220322A	1.223176160688407	0.06257572698493782	656.5379913376383	0.7785500454119482
CMTSOLUTION_200801040729A	0.7338017965638708	0.010888512035067566	131.68339515393512	0.9441820103550034
CMTSOLUTION_201307060505A	0.7142409544059954	0.07960827735342048	257.7503960243073	0.8261010124291337
CMTSOLUTION_201308131543A	0.9963154570265111	0.08453975537454744	581.7045320769989	0.9543985431100366
CMTSOLUTION_201103010053A	1.1192267582725832	0.08729003663785656	76.47445273662689	0.9673991595153393
CMTSOLUTION_201007042155A	1.6616729182895218	0.3154363398340364	523.2716522414732	0.9451476699759195
CMTSOLUTION_201110130316A	NOT FOUND	NOT FOUND	277.8895128189064	0.5891588582035838
CMTSOLUTION_201302012216A	1.3750704194727783	0.049077869750589906	152.8927849996991	0.9187034380407993
CMTSOLUTION_200809180141A	0.9770319711096351	0.06481356615606253	223.5083132102709	0.9542612408459893
CMTSOLUTION_201108241746A	4.930704513802702	0.9412436537647958	1572.1348058150488	-0.7142300198701319
CMTSOLUTION_201208020938A	1.422478090459176	0.03356258557622617	194.15602706363825	-0.957965380733086
CMTSOLUTION_201110180505A	1.164334441735784	0.07525572721089488	283.5553528028598	0.9908133422014818
CMTSOLUTION_201110060003A	0.9372157225309863	0.02088279811346629	549.304677514339	0.9916096205976336
CMTSOLUTION_200810231004A	1.1601542849601867	0.1329594153076821	307.11357231641864	0.8628018154890847
CMTSOLUTION_201107230434A	0.891176122130447	0.07989956146078256	860.5604322832073	0.9174779116867798
CMTSOLUTION_201109150800A	0.7839640210406141	0.0814536631093565	684.6722113963033	0.7683031622159935
CMTSOLUTION_200805291546A	0.9238956356258069	0.04135003830405818	6502.451009436201	0.9849746903822041
CMTSOLUTION_201101171920A	0.9153003213865415	0.0718945192929239	150.7948682357902	0.9551593595426363
CMTSOLUTION_200812172157A	0.569999820265499	0.04164881829304973	79.84140129729337	-0.921837783736502
CMTSOLUTION_201112130752A	1.1383928379791473	0.07929617048891702	44.70449553635039	0.7896019968821835
CMTSOLUTION_201202140134A	3.3567036145047573	0.6484360301491493	179.37605933328163	-0.8885551828617262
CMTSOLUTION_201103310715A	0.9290573785319991	0.08907197871725744	501.79676676515606	0.9321908813549077
CMTSOLUTION_201010251442A	1.0234640523781426	0.1099449865914425	945.6294241716975	0.7824868802422345
CMTSOLUTION_201310011941A	0.9835380226086134	0.05240606151201847	275.56817530401713	0.990167521155145
CMTSOLUTION_201008040715A	0.9224788325649916	0.14852548426252546	32.88374197162608	0.92295631195765
CMTSOLUTION_200809110020A	2.80580971415607	0.21253795272866316	14939.27711432768	0.8227437417467091
CMTSOLUTION_201303190329A	2.901463566561146	0.7734124544826566	115.27861406151709	-0.834395567751469
CMTSOLUTION_200803291730A	1.857101986453703	0.27021203940096794	658.0934694274879	0.9323136305744426
CMTSOLUTION_201205220000A	NOT FOUND	NOT FOUND	234.16489737283422	0.5316718119242814
CMTSOLUTION_200802121250A	0.9964306772583333	0.044600810441772415	1577.1711609361291	0.9684500785357256
CMTSOLUTION_201204170350A	0.8921698698222575	0.009367949561332987	4570.842277074587	0.9867362868257475
CMTSOLUTION_201007232315A	2.4722779695929056	0.14308071863533942	41.883756506259886	-0.9819430848641802
CMTSOLUTION_200805121111A	0.9413673279308893	0.03334300350684288	17.87178072975911	0.9902391067655099
CMTSOLUTION_201103111946A	1.094190870715249	0.0324084734884938	24.9784942353065	0.9006582404899425
CMTSOLUTION_201306151611A	0.9906721392983253	0.06716122463369038	2281.4570921166937	0.8359499789297712
CMTSOLUTION_201210170442A	1.1928360116150494	0.024978978801855158	48.65211207753556	0.8080262648178488
CMTSOLUTION_200905031621A	0.7524542443757821	0.05012128868676162	274.08163175196955	0.8755370011472351
CMTSOLUTION_201208311247A	NOT FOUND	NOT FOUND	4889.069565591045	0.5114032190863237
CMTSOLUTION_201103151331A	1.4288882454698757	0.165721345728528	182.16710117576855	0.9737070387059283
CMTSOLUTION_200807231526A	0.7175978594416226	0.09272803317747176	1074.7744102523484	0.7894030909029455
CMTSOLUTION_201103220944A	3.231286419496189	0.15170241748739974	200.932832249329	0.666052160980153
CMTSOLUTION_201108041351A	0.8972422956976378	0.03999599110031531	1024.9846775308415	0.9783211069431658
CMTSOLUTION_201004112208A	0.44147594602690543	0.021149191027838375	727.8365153090127	-0.8275508726890998
CMTSOLUTION_201204021736A	0.9585991107581388	0.1004481892981014	469.1970682187889	0.9790521325804314
CMTSOLUTION_201212150449A	0.9084566962604342	0.05275971213693735	236.42293664468156	0.9979997691080408
CMTSOLUTION_201104112308A	4.229708476694117	0.026908486759075603	1223.8782055795887	0.7066442812612443
CMTSOLUTION_201012020312A	0.9108660265546199	0.02517667013952698	1808.6161070859475	0.9611226779022142
CMTSOLUTION_201210280304A	0.8605255886977907	0.07307413427546092	24887.03747665583	0.9801730180424276
CMTSOLUTION_201008132119A	0.8853462979998198	0.07206473258616183	12241.287536362095	0.9638861135526673
CMTSOLUTION_201212110618A	1.4174193773941448	0.10779767412579971	54.884734186502016	0.8858398636202509
CMTSOLUTION_200903122323A	0.88473172562674	0.05643196467927492	478.0809963012765	0.9925925255789075
CMTSOLUTION_201111082205A	2.923888111711169	0.46079420351507233	77.92796718109354	0.8072412730876126
CMTSOLUTION_201103111859A	1.1360531207380737	0.04189039345520876	36.38802823229964	0.8618061434693788
CMTSOLUTION_201005311951A	0.9464626232312151	0.03756439406781347	367.1486045508924	0.9555923269391716
CMTSOLUTION_201203271100A	1.2989879677259728	0.18030849628142087	167.05238700003315	0.8478810409747917
CMTSOLUTION_201003080232A	1.2868918322632266	0.10834081257515761	1360.070820125818	0.8598755296520388
CMTSOLUTION_201302012218A	1.4454512318903472	0.06144213019369651	168.17428800484774	0.9251229006622601
CMTSOLUTION_200902170528A	0.6179850920852992	0.036258089380491625	6.464951456500488	-0.8786202344338433
CMTSOLUTION_201305190907A	0.9302945186423766	0.05540751427448586	291.8068384107367	0.9863153600751243
CMTSOLUTION_201008221023A	1.051695534582747	0.24889691513434756	68.49001975579972	0.7491313243591532
CMTSOLUTION_201005031027A	0.9432272753668886	0.016395445256480252	147.47983232090286	0.79813294871643
CMTSOLUTION_201103101708A	2.085667265423731	0.49349946855354876	266.8473711476762	-0.892726092719491
CMTSOLUTION_201209252345A	1.3902799831248864	0.06737935288068779	865.4091819225537	0.9483793185132462
CMTSOLUTION_201204210125A	4.141495776662626	0.3499602692588412	597.9222624945855	0.6923035807787422
CMTSOLUTION_201010080349A	0.9422711213457576	0.013111249411315992	1380.3166521155426	0.9914107771711322
CMTSOLUTION_200904210526A	0.9810573404307555	0.011347017428410744	228.8477539329091	0.9918792250617591
CMTSOLUTION_201110210802A	1.5799952040147043	0.10311877456432188	104.31797055737216	-0.9838419184983278
CMTSOLUTION_201112110147A	0.9476594644379364	0.030583480286560168	1205.914901401813	0.9968584277122783
CMTSOLUTION_200907300737A	0.6965600707843291	0.14359917324185417	16.492534875003876	0.6265951027388348
CMTSOLUTION_201304162255A	2.87572261907134	0.894792804691555	656.9203671715987	0.757793456772759
CMTSOLUTION_201102151333A	0.8847440622807755	0.08189512048742914	242.54938237055987	0.9101588737372488
CMTSOLUTION_201103111902A	1.0508574401586488	0.05757233781096815	51.10937758678658	0.7949890878597148
CMTSOLUTION_201111300027A	1.4253318739157936	0.17512826366917786	151.67134763034903	0.9698635385672786
CMTSOLUTION_201006160358A	2.2698639597618415	0.5025575511736831	502.1327411611478	0.6520298803354964
CMTSOLUTION_201001051311A	1.1909918584279944	0.13622450455712581	52.10765300428912	0.9460859445809288
CMTSOLUTION_200901081921A	1.0554185874743127	0.09093835308354903	738.3427292671299	0.9761589678278652
CMTSOLUTION_200812190831A	1.043377398081433	0.04267585345678035	975.601475399794	0.9759864455398349
CMTSOLUTION_201305180548A	1.0295781420608212	0.10669107858231529	55.58279509658834	0.8997199382485919
CMTSOLUTION_201107241851A	1.014051086172284	0.11611922038070106	1367.0596924064205	0.881942540695461
CMTSOLUTION_201301302303A	1.0053766075237833	0.20187471806245086	7.759983088597234	0.9503184258605661
CMTSOLUTION_201212141036A	0.9269120011558384	0.01392171782190279	454.15351310522817	0.9751394936727089
CMTSOLUTION_200901032233A	0.9924057725160417	0.037268064119212886	15.890276835171587	0.7768513813254979
CMTSOLUTION_201304220116A	0.9756820370779605	0.07646866661796489	678.249084147076	0.9858097942009024
CMTSOLUTION_201202260617A	1.0558118740084594	0.14314251758412525	3380.60618504787	0.9741361359069859
CMTSOLUTION_201401250514A	0.8567825607466483	0.09365281480333548	126.95795045746249	0.8848934347985398
CMTSOLUTION_201207282004A	1.219122073040205	0.08111167359212182	1263.8279636311636	0.9899360521570693
CMTSOLUTION_201306131647A	1.131347989926858	0.22572618018515983	549.1440489003128	0.6921347585070519
CMTSOLUTION_200803142232A	1.816529769281467	0.3480110321357314	242.60039398991603	0.74274643812402
CMTSOLUTION_201012130114A	1.121491150046773	0.08310171924299845	93.1391902855593	0.9210266168665773
CMTSOLUTION_200807282140A	0.9491004304804266	0.03269304075305134	466.424087696319	0.9808253417084067
CMTSOLUTION_201207081133A	1.183827150768093	0.029568344302299675	443.361307142555	0.9691762922818842
CMTSOLUTION_201001181556A	1.072202479662866	0.019552739014549955	178.60291808641392	-0.925089600229972
CMTSOLUTION_200907120612A	1.239849298130842	0.21527450030783904	123.75018291271242	-0.8865289667021244
CMTSOLUTION_201111140405A	1.1885151473326	0.16603561355751767	405.23973894845005	0.930653498443711
CMTSOLUTION_201201270133A	0.8903482552439635	0.03165868759858194	313.1420202015744	0.9159653123724396
CMTSOLUTION_201104011329A	0.8494768965933279	0.0728257786829146	39.454400980244046	0.8448017414818743
CMTSOLUTION_201211130431A	0.911998885884706	0.01860147170712383	441.4261940129596	0.9860842866484797
CMTSOLUTION_200802211416A	0.9823205012397992	0.12097257734356913	350.23974206453556	0.9684523442124188
CMTSOLUTION_200802251806A	0.7362055045962888	0.0362597237300098	581.2449230294944	0.9776455550537015
CMTSOLUTION_201004302311A	1.119539136433231	0.045078578077196396	4178.3534848444415	0.9923174785384105
CMTSOLUTION_201104032006A	0.5960859753841568	0.14724295223239786	1203.395651770048	0.7256265566648097
CMTSOLUTION_200901222016A	0.7087901340887729	0.02407399549190705	82.4191340255297	-0.8099025124580091
CMTSOLUTION_201001090551A	NOT FOUND	NOT FOUND	31.280321838353224	-0.08868471562554729
CMTSOLUTION_201210281854A	1.1977091488440579	0.019804942234195787	1553.33544101582	0.8897634406074397
CMTSOLUTION_201208020956A	1.2786195514184617	0.06355081135443014	222.9479498755407	0.9858418743309193
CMTSOLUTION_201208111234A	0.8134054978496537	0.08726995185625278	5028.9568541090175	0.9384374011829564
CMTSOLUTION_201310300251A	0.8087387733966516	0.030264327006787883	662.1574053561425	0.9936992207336102
CMTSOLUTION_201305210155A	1.0265737162918074	0.013465912809864956	345.04925787383297	0.9577412732584557
CMTSOLUTION_201305110208A	1.0913325417829414	0.15077296019453032	1018.5883669249696	0.7656129420269066
CMTSOLUTION_201401261355A	NOT FOUND	NOT FOUND	1201.1161216313471	0.2894525563947729
CMTSOLUTION_201107250050A	0.9989088975257743	0.010895710025595147	1331.239892265799	0.9674205554307667
CMTSOLUTION_200805250821A	0.7845666537822802	0.20322633123309133	1622.2676947153182	0.954537367935176
CMTSOLUTION_201002012228A	0.9857774989888534	0.03716469400772089	397.69950598455364	0.9200777663793698
CMTSOLUTION_200901062248A	0.5321948953367092	0.0320090270105608	32.45034713148303	0.8900195967914261
CMTSOLUTION_201209120327A	1.0436133200810989	0.0625965430086382	118.22569018306872	0.8728943195105198
CMTSOLUTION_201206292107A	0.944358163559858	0.15656526786547287	1272.3429113746179	-0.7351926481408357
CMTSOLUTION_201101122132A	2.5520597201932906	0.05254701980553652	235.60065748589525	0.9544280827749339
CMTSOLUTION_201211110112A	2.046039143876263	0.08280987605285621	1401.945036132298	0.9838834478438365
CMTSOLUTION_201111221848A	1.8921922155606843	0.25344810983373134	262.931612407781	-0.7994143245530944
CMTSOLUTION_200904281954A	1.1438414155943155	0.09166778336890821	128.5539727006314	0.9599483018028729
CMTSOLUTION_201001020845A	0.8924178309571308	0.010130663690183067	306.2004040685823	0.9553202771273885
CMTSOLUTION_200809101100A	0.8026151380660649	0.008189676855630375	17749.949617107915	-0.9669949328873844
CMTSOLUTION_200904152001A	0.9836475727392285	0.06363477053825461	114.90302453153248	0.7143864461688133
CMTSOLUTION_201204061615A	1.021627130400057	0.043285557422563396	131.981243544169	-0.9584038042651123
CMTSOLUTION_201104071432A	0.8479948353412502	0.1022061437949689	131.5280098351093	0.9045254027810602
CMTSOLUTION_201012211719A	NOT FOUND	NOT FOUND	9535.221044873128	0.5233741115941137
CMTSOLUTION_201007232208A	2.4921629153189384	0.15612553592159853	5837.541259833488	-0.9657828747205989
CMTSOLUTION_201001051215A	1.189776487018083	0.13533031447555288	1149.1080222942342	0.9311758987755485
CMTSOLUTION_201110270804A	1.3785821187982217	0.2829477399088759	27.985851598018236	0.8736327315548943
CMTSOLUTION_200902151004A	1.0552829904275438	0.010519949177161798	111.62942385938265	0.9869928224775528
CMTSOLUTION_201111011232A	0.9960315626651761	0.09196113735455749	482.80915623621706	0.9442836991542841
CMTSOLUTION_200803222124A	0.9105849844222373	0.10611956174653434	96.61878339177491	0.9814901739391801
CMTSOLUTION_201311220651A	1.403639205829515	0.021963245869781947	66.32172473143673	0.9435670499330187
CMTSOLUTION_201007161853A	NOT FOUND	NOT FOUND	101.71779992804903	0.08355016263561833
CMTSOLUTION_201103140612A	1.798442046711472	0.11083438142192101	424.54602177660473	0.853936369363559
CMTSOLUTION_200801051144A	0.8056430091773411	0.06080702966867222	137.86867650322841	0.9443017390718609
CMTSOLUTION_200803031349A	1.218338070587432	0.013771339490296308	439.2099690797819	0.6972753233480529
CMTSOLUTION_201304061126A	1.176118938977779	0.08715264914146517	70.64156992190001	0.7758635787909135
CMTSOLUTION_201102101441A	NOT FOUND	NOT FOUND	123.53467044058632	-0.22109218854223253
CMTSOLUTION_200807190927A	1.0506922842118114	0.06297924673110716	886.8325148292295	0.980471224437728
CMTSOLUTION_200812130827A	1.0911489776693566	0.06772935794986978	28.106492340287577	0.8987092382555008
CMTSOLUTION_200911280604A	1.4476678134979977	0.2036954911188592	136.39605198810943	0.9579705834962813
CMTSOLUTION_201010080326A	0.943961511216259	0.01333530017400244	1185.636076053212	0.9916193653056194
CMTSOLUTION_201309161501A	1.0689405646817987	0.20946182983815442	79.17929995313082	0.817440129397331
CMTSOLUTION_201106210204A	1.0071426109511803	0.10409917111343349	304.981443121878	0.9351255150573751
CMTSOLUTION_201210252305A	1.2804776392657822	0.19998267700806	360.6976860642589	0.7550867127157392
CMTSOLUTION_201302160437A	1.2122716618407499	0.0736337788563929	60.85320690247998	0.9543005465868842
CMTSOLUTION_201302060635A	0.980702905338114	0.030039067396940764	36.00363482961269	0.9451806089463177
CMTSOLUTION_201209081051A	1.6703954322723764	0.06725359994530399	132.97599156915828	0.9428815962434136
CMTSOLUTION_200809110000A	5.5256884262961234	0.20512365262389293	21904.177725418198	-0.7861978366920558
CMTSOLUTION_200802210246A	0.9911957824993731	0.08234931765581043	1715.8476436363944	0.98835769533805
CMTSOLUTION_200802080938A	0.9545169025172647	0.06885313956062372	11070.68076310623	0.9705835104164328
CMTSOLUTION_201006300722A	0.9640486562228052	0.067628516999823	273.671665210763	0.9869998976112808
CMTSOLUTION_201212070818B	1.1276213280181155	0.15752784158059405	17429.968207478658	0.8791127550279886
CMTSOLUTION_201103170413A	1.178963847438374	0.019274990771603752	32.61417887359822	0.9241120519134677
CMTSOLUTION_201103091816A	1.5673378761592516	0.24786089343341774	72.41691954911799	0.8976878884671157
CMTSOLUTION_201205180200A	0.8235445686945706	0.06466188628473485	2240.355714757041	0.9936633416296168
CMTSOLUTION_201301050858A	0.9477300849531658	0.053922143048730053	122473.20578805628	0.9934154111194924
CMTSOLUTION_201104131957A	1.9890163048890606	0.11584457959081253	862.4880448675847	0.8557935745096892
CMTSOLUTION_200908160738A	DiffNPTS	DiffNPTS	DiffDelta	DiffNPTS
CMTSOLUTION_201201211847A	1.020817206605034	0.07271367045251145	504.1926426620646	0.9616736655010985
CMTSOLUTION_200904181917A	1.0436051386985283	0.036425754850471975	2190.3212058181125	0.97067328283451
CMTSOLUTION_201209301631A	1.1419108169461725	0.28028576889403695	3584.8594125590603	-0.7631238414719539
CMTSOLUTION_200901221340A	0.8153254872822885	0.14933257996575158	204.99940053329289	0.9795254593971656
CMTSOLUTION_201103110546A	1.786579470422215	0.27245458854901317	312505.65299837117	0.968394424510777
CMTSOLUTION_201302060154A	1.4150509706986898	0.03651499669996576	143.16140290418983	0.8467810015234443
CMTSOLUTION_201211150920A	1.002487681357953	0.03858302724028278	99.32534987995214	0.9739009686745169
CMTSOLUTION_201309210139A	NOT FOUND	NOT FOUND	40.06657786018084	-0.586431527645438
CMTSOLUTION_201008031208A	0.6438688446845814	0.046799440612688085	631.3464563620661	0.9751994266934143
CMTSOLUTION_200912240023A	NOT FOUND	NOT FOUND	176.87903321660224	0.3568538288082378
CMTSOLUTION_201205031009A	1.6278994961071704	0.011852004285891709	40.908772795568595	0.9115005433939212
CMTSOLUTION_201209051442A	0.95425560278155	0.03284913697116685	4992.526762641694	0.9767513142704624
CMTSOLUTION_201106201635A	0.9130436632624511	0.03426167178474666	772.5640231914037	0.9407128673350263
CMTSOLUTION_201002060444A	1.0471121331707407	0.016104843799121075	367.0436123114114	0.9885622521626904
CMTSOLUTION_201104230416A	1.0228942332771138	0.018463947351208116	6186.473933387571	0.8805007312498215
CMTSOLUTION_201107202204A	0.39942066900721435	0.03007467064259818	119.66370857271346	0.9777730121824882
CMTSOLUTION_201003140808A	0.9546783861349906	0.13710954570272588	3266.3513410708247	0.8807726849493355
CMTSOLUTION_201108190536A	0.9669348213138855	0.21137135919160258	55.590214059487266	0.7386805607976443
CMTSOLUTION_201211101457A	1.0155287456544058	0.20206795316868376	24.52321238268741	0.8521266081617325
CMTSOLUTION_201012231400A	0.8631697919432183	0.03362485735541055	1227.7464593875661	0.9950082569184716
CMTSOLUTION_201208270437A	1.0662988669973903	0.061320367939362165	6436.8036170295145	0.9655711070093738
CMTSOLUTION_201205031520A	0.6294336085112473	0.03494219977381392	52.530591031013074	-0.7623879926711025
CMTSOLUTION_201004110940A	1.0006207012255908	0.04753067208079798	1756.8936515686187	0.8082145888112343
CMTSOLUTION_201008201756A	1.3042876947949267	0.07214201329726032	47.77089541325909	0.8253487170900914
CMTSOLUTION_201309251642A	0.8091406258836021	0.06690698458049893	1640.0988934125705	0.973087887332475
CMTSOLUTION_201211021817A	1.142078214075445	0.028949509865018146	143.9933986478944	0.97800798583555
CMTSOLUTION_201103151327A	1.3587858429122321	0.1406562170214461	111.00620414401743	0.9742268854515558
CMTSOLUTION_200904161457A	1.0045852693545636	0.08751515532866977	800.7036459888097	0.9760633824555411
CMTSOLUTION_201007101143A	0.9810538548857635	0.029788898643437638	720.5222490314541	0.970013397232936
CMTSOLUTION_201201151340A	1.007459050742146	0.054054481138357965	983.8156932518025	0.9850321754582682
CMTSOLUTION_200809031125A	NOT FOUND	NOT FOUND	81.34648348565804	0.4452373735798209
CMTSOLUTION_201012222149A	2.4085700769514125	0.036415713162549435	143.11737898576715	0.9466129268499655
CMTSOLUTION_200802252102A	0.7255757027993802	0.04434321567740336	50.395016264838645	0.9255031794186568
CMTSOLUTION_201309011152A	1.720633119017617	0.295795292584454	336.2157946147784	0.69472870848645
CMTSOLUTION_201101190917A	0.8615874814971219	0.16316443285821378	90.25334651251367	0.8821422491840032
CMTSOLUTION_201309241129A	NOT FOUND	NOT FOUND	174083.29424358095	0.5139181476136837
CMTSOLUTION_201103272223A	1.0499100105437775	0.06340211165453355	1113.508098445831	0.9395031709446587
CMTSOLUTION_201303011253A	1.043730703011947	0.03471329433343381	3713.475255240132	0.9930822183733989
CMTSOLUTION_201006260530A	0.6631239543792594	0.007278022455381006	5916.413788983447	0.824465912819871
CMTSOLUTION_201111170157A	0.8696136279235214	0.020517450586765348	255.49598191213263	0.9520730824696817
CMTSOLUTION_201107251757A	NOT FOUND	NOT FOUND	124.70264754055191	0.37017279317187457
CMTSOLUTION_201402030308A	0.9129554328743247	0.14155386671336592	1474.0892189465317	0.6647199006429846
CMTSOLUTION_201004172315A	1.026400978093733	0.05555353637013941	530.4727881662824	0.9691533609257351
CMTSOLUTION_200912260857A	1.1087900577994843	0.013071297988492176	71.03419537355353	0.8987763642359349
CMTSOLUTION_201109051755A	2.6285294101430203	0.3561326738956039	431.4568695610277	0.8445920515055447
CMTSOLUTION_200802141208A	1.1349136880713528	0.2508228638935754	25.24202964846092	0.6520394491557019
CMTSOLUTION_200801091440A	0.9451281586756809	0.03259538561084932	475.6454612373459	0.937643532148654
CMTSOLUTION_200804281557A	3.2335938370776836	0.7876321967671289	79.88787408071931	-0.6905377968214299
CMTSOLUTION_200906140558A	0.8446156582902545	0.014083977731887477	576.9865554500152	0.9808504870263803
CMTSOLUTION_201103241355A	NOT FOUND	NOT FOUND	11667.549140253828	-0.3261715007691539
CMTSOLUTION_201211122042A	0.9323068209771491	0.07230421153119759	944.233136331554	0.9797155681226103
CMTSOLUTION_201112110954A	0.9271554346699487	0.040182994777064676	287.155177668419	0.9863283488401376
CMTSOLUTION_201309032019A	1.0104140516677658	0.03016258791538909	1321.6530048299664	0.9953832732350663
CMTSOLUTION_201309111244A	1.1408584325874054	0.0842824022106114	91.79780076466119	0.900991939289694
CMTSOLUTION_200910041058A	2.389379303966781	0.1912158634584493	122.4361956471237	-0.7515370738668938
CMTSOLUTION_200810051552A	1.1937111948717019	0.04899028243275067	4224.230698195164	0.9786609482871876
CMTSOLUTION_201304011853A	1.2296170257640224	0.08467787572484815	471.2605067380848	0.9742372638436413
CMTSOLUTION_200909072241A	1.0952302922823711	0.11318057797401757	1092.0350031980136	0.9797583324329727
CMTSOLUTION_201205200719A	2.269179920256467	0.10646392494144236	834.7189975591011	0.8696406774781255
CMTSOLUTION_201308171632A	0.9873035324716589	0.025024934231334863	496.1587480297334	0.9153632016844416
CMTSOLUTION_201010041328A	0.730274590113623	0.04011169954796373	330.42740556204285	0.962451064677477
CMTSOLUTION_201101240245A	0.8402410061282201	0.019995075481197232	37.99813660227353	0.9740396478955567
CMTSOLUTION_200807150326A	0.944742300599334	0.11688991026659366	3036.2692912668012	0.880673049515115
CMTSOLUTION_201103061432A	0.9015655872887506	0.02105649520867895	128.5971677806127	0.9876937355696864
CMTSOLUTION_201310062133A	0.9701630917736501	0.11902940575664787	90.88991491139163	0.8113091926223974
CMTSOLUTION_201012080524A	1.1273532743316086	0.012893711579001352	282.310547335072	0.9881023266742698
CMTSOLUTION_201112012135A	0.8784756655899328	0.000714532697910443	33.94353171920965	0.9719387286054312
CMTSOLUTION_200802161445A	0.9773810958695343	0.0962949896788632	117.74815780753183	0.9055474611943347
CMTSOLUTION_201103110615A	1.8771944219499166	0.2661518056008225	60518.682034118625	0.9704960122753942
CMTSOLUTION_200808050949A	0.8121725402942453	0.039768503325240394	262.73050708529155	0.928327071835624
CMTSOLUTION_201211080201A	1.0327367291974818	0.11543294675838718	470.84032614154006	0.9520299075529343
CMTSOLUTION_201205012243A	1.0494902125660766	0.0426818939035212	350.22790054223765	0.9736470228737043
CMTSOLUTION_201103092124B	1.246660987267038	0.25708712458033495	446.42891551820173	0.9105705409016931
CMTSOLUTION_200908200635A	1.0174157699812894	0.03750503645655469	1355.9054592792786	0.9863864142006828
CMTSOLUTION_200812201029A	2.4073891355791406	0.057961739454138385	1791.1100817155152	0.7506594723824423
CMTSOLUTION_201310241925A	1.067055250326156	0.06275843758762033	76.05832332791375	0.9745600096246014
CMTSOLUTION_201103291054A	1.2006185845454487	0.09253477590181494	1263.8140230337447	0.8644281720164878
CMTSOLUTION_200801221714A	0.9149144165793667	0.050466053200033834	214.51872513279375	0.7831890408486082
CMTSOLUTION_201107301853A	0.784539852715234	0.06269708263344409	1061.9790948790946	0.7917127037548136
CMTSOLUTION_200806271140A	0.8627057997354701	0.10138126724694135	1350.4575182760805	0.8463371543704987
CMTSOLUTION_201304091152A	1.275669763475036	0.033044004993258186	1657.4340799628662	0.6725792338286711
CMTSOLUTION_201003301654A	1.2386267736847707	0.05292385914861318	834.7110169912291	0.8905226890942566
CMTSOLUTION_200912191302A	1.089632896534126	0.1474368610216184	1513.532333362702	0.9793766240987839
CMTSOLUTION_200904251718A	1.0320202676441472	0.08199602232303209	58.79079338377569	0.9848899599924426
CMTSOLUTION_201305200949A	0.856218827664612	0.06870352683275059	868.5575356070087	0.9945228208954425
CMTSOLUTION_200802091833A	1.1671483795403963	0.08271327011829899	229.75530648273656	0.9623312397007713
CMTSOLUTION_201006160316A	2.2848945268314225	0.3829636875722977	2235.8674868344733	0.7220837235793373
CMTSOLUTION_201201231604A	0.9221520569906042	0.048987005987453286	713.0217792523465	0.9961188829391995
CMTSOLUTION_201109161926A	1.0939329047208113	0.2229580685119831	2110.9832532024666	0.8916970441022372
CMTSOLUTION_200902111825A	2.1682057455072643	0.24319946444915294	55.677752035763845	-0.763493070866849
CMTSOLUTION_201105111647A	0.9126143513129515	0.03846754642019694	91.5330690971183	0.9552953589208875
CMTSOLUTION_201011300324A	1.5151996150474365	0.3435886563907018	240.08815517421385	0.7192459673745325
CMTSOLUTION_200801202026A	2.1142564470736027	0.15341070329770137	47.6745236158789	0.9807599078237951
CMTSOLUTION_201201260424A	0.6994757460468038	0.07384913360976514	143.9247895173846	0.8866650734866737
CMTSOLUTION_201103110625A	1.7493436002344322	0.2457471015111762	172.96733233592136	0.9804369864758966
CMTSOLUTION_201308120053A	0.7082363667492769	0.31312266146879864	60.747221531753354	0.6196995112585283
CMTSOLUTION_201303252302A	NOT FOUND	NOT FOUND	112.61264692200095	0.5250727108978956
CMTSOLUTION_200802241446A	0.7530033199042038	0.02455482748620471	274.98068898081686	0.9833883876205524
CMTSOLUTION_200801011855A	0.9416824370083442	0.02757891269519791	637.3057531983518	0.9705466691955529
CMTSOLUTION_200904170208A	0.7840777100614339	0.05349041450829678	239.12535137263185	0.988906932772304
CMTSOLUTION_201004140125A	1.3044327195912269	0.03722440434397586	5.195401644376294	0.938180472886374
CMTSOLUTION_201207251120A	0.7157263459273892	0.0746994902690401	715.0419650051513	0.946159472324147
CMTSOLUTION_201008041258A	1.0055616848916158	0.06569284280932372	999.0756462638537	0.9905256164978521
CMTSOLUTION_200811190611A	0.9678508479465114	0.030387289019789664	771.0605989008081	0.9787367360210742
CMTSOLUTION_200808220747A	1.1421746542969022	0.2027372233113598	150.33584982669134	0.7881882873813689
CMTSOLUTION_201103092124A	1.9866054620909461	0.5597664599496579	613.4593878231972	0.8284040012638579
CMTSOLUTION_201010080543A	2.1561022585085	0.24434255202185587	7.973125563270452	0.7872322081075899
CMTSOLUTION_201309170409A	0.6672815950559061	0.09933883116272345	104.06267222845568	0.9356117526698728
CMTSOLUTION_201005051629A	0.998465338341056	0.08972271204086095	715.8461671500509	0.6651216146203577
CMTSOLUTION_201203141205A	0.813307021617879	0.005563306832946403	5.367396805181222	0.8257657738084102
CMTSOLUTION_201007240535A	2.507164723508777	0.2793247155076505	49.68043322151996	-0.9254654006462261
CMTSOLUTION_201307170237A	0.7797478520737074	0.048206992091786464	375.665827107433	0.9961783351267267
CMTSOLUTION_201203201802A	0.9992624925343854	0.07432144445764162	19171.92555707397	0.9810178958125779
CMTSOLUTION_201204120715A	NOT FOUND	NOT FOUND	10061.29452696659	0.5376766917340545
CMTSOLUTION_201212231331A	1.0221741350834486	0.04717976152507364	355.9264348692667	0.7855850727456575
CMTSOLUTION_200909062149A	0.8770419382863821	0.10777720108119555	438.1215086460211	0.6387388421149252
CMTSOLUTION_201208151749A	0.8338333307496131	0.08855086652112215	32.82008393108652	0.9718198185479165
CMTSOLUTION_201302021417A	0.9854827315895973	0.01183314364364857	1106.9286621541225	0.91327666173507
CMTSOLUTION_200802200808A	1.0154322115586678	0.031446577626620266	7081.410460284189	0.6287982014364725
CMTSOLUTION_201110052352A	0.9401015571574934	0.02145747774715135	572.4309539089929	0.9931202603222271
CMTSOLUTION_201104110816A	1.635123723369878	0.17761126108234412	1712.0366462091733	0.8503261413418446
CMTSOLUTION_201103121315A	0.9569506188334558	0.08662276196544921	144.50874767519164	0.8234437152882462
CMTSOLUTION_200811210705A	1.6434910798655031	0.22557778127019415	36.56492439977268	0.8603745463811204
CMTSOLUTION_201311250627B	0.8625789624002337	0.01070605985005229	1329.6387217990305	0.9566031289941014
CMTSOLUTION_201311170904A	1.0867036257081089	0.10134016933021839	20465.400603779104	0.9589555301514093
CMTSOLUTION_201403022011A	NOT FOUND	NOT FOUND	454.3386292261348	0.585049873806518
CMTSOLUTION_201304300625A	0.8838439963261355	0.0013669699771762403	444.8809402879536	0.9849430860662548
CMTSOLUTION_201310060137A	0.9736647591486558	0.05197027782138208	70.02246281334898	0.9520521449036894
CMTSOLUTION_200901151749A	0.784082861389936	0.027954686131500883	9635.20744172428	0.982956472483048
CMTSOLUTION_201102251307A	0.9479374783971756	0.061285039257906175	81.501735124617	0.9946360056739194
CMTSOLUTION_201305210543A	1.025441904181841	0.07641973898698574	76.63042634534354	0.830661432286024
CMTSOLUTION_200808251322A	0.5875287332363761	0.14908564233532104	1495.3315399190792	0.760996504300022
CMTSOLUTION_200902121315A	1.3125879539105105	0.11942422999265949	256.94604888393565	0.9162002865425792
CMTSOLUTION_201110140335A	1.0741081322553239	0.013244673287764826	1055.8689903943477	0.9821563823916936
CMTSOLUTION_201108222012A	0.7607035626812635	0.21829719928823885	247.84525777494795	0.8513838657102389
CMTSOLUTION_201109162108A	1.30480154545173	0.04594797888760005	6.967638670778925	0.9510973941452995
CMTSOLUTION_200810111040A	1.0143137005635907	0.017529878956943943	60.877261720412946	0.6967370882648486
CMTSOLUTION_201104300819A	1.0858615950160755	0.057330297250886494	139.17068372049147	0.9803625474749774
CMTSOLUTION_201207091355A	NOT FOUND	NOT FOUND	140.5170431948959	0.4924178813974234
CMTSOLUTION_200904190523A	0.5965141640342598	0.015775936113434468	33.74669552076389	0.9510709682764222
CMTSOLUTION_201008140730A	0.878467374791677	0.04392471470620453	677.4044016124468	0.99213180499441
CMTSOLUTION_201104231012A	2.2053604309527115	0.15074359828059414	234.72981496339986	0.7957914780360011
CMTSOLUTION_200809250147A	0.45811755432831225	0.07798054675637078	433.9504019886291	0.8110061547943526
CMTSOLUTION_200806292053A	0.715264567818969	0.03602219762925435	8.799629667949855	0.743294064540699
CMTSOLUTION_201101270838A	0.931533034954359	0.24064287072163332	1305.4109266609134	0.7656770749522609
CMTSOLUTION_200801300732A	0.5382925310838464	0.08558553679772667	137.7864430888991	0.6514435851700464
CMTSOLUTION_200906200828A	NOT FOUND	NOT FOUND	44.059263075347076	0.3504346591360342
CMTSOLUTION_201203261035A	2.0508868596648333	0.40473225525747997	14.374336206399533	0.8872504590549721
CMTSOLUTION_201110251455A	2.714501175987875	0.5273709256342485	236.19082275594673	0.7834204229911619
CMTSOLUTION_200911281810A	0.735781335654906	0.1347635455870933	144.3215365561182	0.7227615076857291
CMTSOLUTION_201204112241A	0.8599497923254728	0.0019393562779784542	1030.5987785038285	0.9663378767187185
CMTSOLUTION_201309070013A	1.0986984637420234	0.040857963509530644	1997.9749878806053	0.9751485986675382
CMTSOLUTION_201310010338A	1.9388102035743178	0.3527535959669452	887.5522212628053	-0.7299151330633761
CMTSOLUTION_201003040159A	0.8591581339149089	0.0015912827750389504	9.942674077096498	-0.9822341391127432
CMTSOLUTION_200806010157A	1.2927641543692088	0.027346354444199476	241.9158008681133	0.9461798810898553
CMTSOLUTION_201307081530A	0.7990040172294698	0.09061004451169695	16.22655645663782	0.9296343746599353
CMTSOLUTION_201210080626A	0.8664689155633377	0.11154254003051033	360.9116782094458	0.9726902830297394
CMTSOLUTION_200909122006A	0.8929068307321562	0.02550869319357816	1226.6600368448192	0.9555648581699263
CMTSOLUTION_201009090728A	1.0108969794336053	0.07693646940641179	182.33251225478375	0.9916541566387133
CMTSOLUTION_201201300511A	1.15954098865844	0.03420365328013906	542.8150349615435	0.9950740550864905
CMTSOLUTION_201311132345A	1.0949282881964766	0.11410131553944326	138.66535647749683	0.9883998185567506
CMTSOLUTION_201007290731A	0.6467963961000878	0.041373488300494435	304.66838068402143	-0.6819114407865594
CMTSOLUTION_201312010124A	1.590709842884195	0.19003516115024235	574.8323085039766	0.9079614346627581
CMTSOLUTION_201211070626A	0.8238037545555961	0.14605554444080568	310.4496456844677	0.865440962856452
CMTSOLUTION_201103070009A	0.9169016837162526	0.07460608474983763	785.872106867098	0.9639483778765889
CMTSOLUTION_201002050659A	1.0545072074783797	0.12362224588483522	243.40472537955577	0.8560197925036621
CMTSOLUTION_201302060112A	1.4153069683452895	0.031874734357397745	1554.7703009998513	0.9090781418269602
CMTSOLUTION_201202140819A	0.7698555123317105	0.05664744254534213	158.18873783698214	0.9028300341079921
CMTSOLUTION_201111241025A	0.9111370167956979	0.035520529448516525	491.5704997962463	0.9812263478620945
CMTSOLUTION_200802041701A	0.8242224288823884	0.013328051437257337	352.61041595245	0.9887403774721766
CMTSOLUTION_201102112005A	0.9311861131759617	0.04300061292098825	9507.153565032258	0.9944636315195803
CMTSOLUTION_201311241805A	1.2133228205414008	0.0926115122894911	88.53827424714069	0.600410274206164
CMTSOLUTION_201212230638A	Error	Error	Error	Error
CMTSOLUTION_201007210916A	NOT FOUND	NOT FOUND	133.82925170095706	0.5121589291302832
CMTSOLUTION_200909210853A	0.9502561657448125	0.13235071587075467	334.00547189862766	0.8882714048348705
CMTSOLUTION_201206072054A	NOT FOUND	NOT FOUND	52.999534845554265	0.25221176408195883
CMTSOLUTION_200902221745A	1.0283154952979925	0.10792898576502218	264.49194764232465	0.9188712871129883
CMTSOLUTION_201203142113A	1.1803403199226157	0.02033020578389468	477.72271506691936	0.9871993090969822
CMTSOLUTION_201304232314A	0.5894698149507448	0.1683648628888429	634.4012674276186	0.7875433085303615
CMTSOLUTION_201206051931A	3.7473512739806223	0.22885073660765945	1463.1591826051551	0.6156048414164585
CMTSOLUTION_201205242247A	0.9621874405465937	0.04181229962624508	4257.843797374047	0.9944362684632755
CMTSOLUTION_201309040018A	1.3575959512692888	0.1419493825507118	645.8901063115648	-0.9187211347370762
CMTSOLUTION_200807190239A	1.7475202839141617	0.1272793897682187	15383.966703468552	0.9002564161676494
CMTSOLUTION_201106160003A	1.0774352645798393	0.021536948382659644	4358.330636810531	0.9931961062134717
CMTSOLUTION_200806081225A	1.3465433918241612	0.10659106123740049	1366.4681666978856	0.6765385406929888
CMTSOLUTION_201111080259A	0.9718352259609632	0.10763570036553816	1553.6412505494695	0.9079934224342224
CMTSOLUTION_200810291132A	NOT FOUND	NOT FOUND	1337.5929725896494	0.5684105204553119
CMTSOLUTION_201101182023A	0.9213627026163085	0.11976247838336979	30128.468952661926	0.9613172280810155
CMTSOLUTION_201308310638A	0.9525173595527205	0.02938478974895766	381.674053739632	0.984436931469032
CMTSOLUTION_201009171921A	NOT FOUND	NOT FOUND	174.53091759483542	0.4483987789351278
CMTSOLUTION_200908091055A	1.0816935204664893	0.08881614920245469	1643.9801616305926	0.8814755134334803
CMTSOLUTION_201106131431A	0.9551382233594852	0.05005571729737119	512.2068690829093	0.9743015490613698
CMTSOLUTION_201011230901A	1.0406865965918504	0.0329871196078423	204.15366182356718	0.9334602920572104
CMTSOLUTION_201203050746A	NOT FOUND	NOT FOUND	15.523231804943482	-0.520771081695773
CMTSOLUTION_201004062215A	1.0449797671257077	0.0399626903253063	21013.8051208239	0.8509652801589084
CMTSOLUTION_201111281226A	0.8301031712415478	0.10858789065927422	229.33138370382147	0.8834617096406281
CMTSOLUTION_201303011320A	1.0447259442884265	0.033896272780473975	3196.807240544285	0.963089003366209
CMTSOLUTION_201105080650A	1.386388845488538	0.07745515369577949	202.36420572570728	0.7029214754121399
CMTSOLUTION_200804160554A	1.0900967400581758	0.031960974499995326	1771.7796077005262	0.9773811465193304
CMTSOLUTION_201003042239A	0.9231693293769856	0.05121300096641651	326.2075934741911	0.9906776604858125
CMTSOLUTION_200912171455A	NOT FOUND	NOT FOUND	65.41665970581545	0.2657149863556715
CMTSOLUTION_201111180600A	0.8967802145090382	0.023413618638133942	128.58791805623986	0.9608854738012934
CMTSOLUTION_200811221600A	0.6337229111131323	0.06464635178883334	1503.4536786611839	0.975570243655847
CMTSOLUTION_200810060830A	0.9360522297127516	0.11238142950902318	1056.8649728348146	0.7823829341988484
CMTSOLUTION_201101261542A	1.2204203970297665	0.14926580450036434	155.48531946998497	0.7731178326261214
CMTSOLUTION_201002112156A	0.9045760370949114	0.12654520335692418	429.44253392859224	0.8670788310196353
CMTSOLUTION_201004071433A	0.9292478165445172	0.10219427289079767	69.69639493804733	0.9004708899456008
CMTSOLUTION_200910010152A	0.6049562181035951	0.05622406920208974	2315.696657135219	0.6631614805884669
CMTSOLUTION_201008181628A	0.9032605470187733	0.09757260981150725	626.7936172464573	0.980280864162308
CMTSOLUTION_201212151930A	1.3970079417663455	0.16221910098153405	88.3494150380918	0.9801683353894367
CMTSOLUTION_200806150837A	1.003893143997928	0.08968281930533005	142.93926010344308	0.9677721445207583
CMTSOLUTION_201204161123A	0.8798120329596234	0.09498817383464592	113.66865723242461	0.7163135334055513
CMTSOLUTION_201311221830A	1.5202752240819428	0.10482751460311533	55.82249302471622	0.6889219336209359
CMTSOLUTION_200908020854A	1.042354674218334	0.17484201302046207	79.58508325619056	0.8938457042629938
CMTSOLUTION_201101010956A	1.290380595666083	0.08511806683333296	2154.3788100377146	-0.6347996523634538
CMTSOLUTION_201004051005A	1.299425887822674	0.12106899471957537	373.9825760895834	0.9917809860235981
CMTSOLUTION_201009031116A	0.9244213837842368	0.024919400384320257	2509.0266474446153	0.9972969102710385
CMTSOLUTION_200808300654A	1.0911519935927578	0.1334581951630222	454.66608839789194	0.9395813740504546
CMTSOLUTION_201008160330A	1.0790418635887917	0.20825787729129921	181.14554316105108	0.8782674986508144
CMTSOLUTION_201103061231A	0.7887745299255834	0.0814703921638576	136.45114844023087	0.8017037924967492
CMTSOLUTION_201103120147A	2.463351765359649	0.10530114587962817	506.53903278187903	0.8688191534424482
CMTSOLUTION_200803242039A	0.799038021091458	0.017602863201903112	158.2134802978694	0.9985506223115486
CMTSOLUTION_200810110906A	0.9783623860492212	0.06381904365336885	545.2329015238638	0.9390970419729106
CMTSOLUTION_201309151621A	0.9287553337335277	0.016376322276828045	343.44747971888603	0.9972605561038176
CMTSOLUTION_201103220919A	NOT FOUND	NOT FOUND	75.06254139523698	0.5886849739467109
CMTSOLUTION_200903061050A	0.9439985652419652	0.0498356979687956	2700.105564365297	0.9917194048705908
CMTSOLUTION_201311031103A	1.9855151853245925	0.09728327113552977	22.14818798689214	-0.6463129017449827
CMTSOLUTION_201002152151A	1.4853431355328253	0.022185434040441685	126.60043761513019	0.6453152051000284
CMTSOLUTION_200808211224A	NOT FOUND	NOT FOUND	409.60430618489545	0.5725864485065869
CMTSOLUTION_201310061638A	0.7533508858527158	0.06810826450123124	79.4616711155146	0.9739848021792369
CMTSOLUTION_201112072223A	1.0108359062053118	0.08194088372612617	229.9218789411513	0.9921686802894963
CMTSOLUTION_201008042201A	0.6247972984394337	0.06754824093516155	1949.915754338379	0.8026982426486808
CMTSOLUTION_200907081923A	0.9577727779831029	0.060414157525241194	238.75160741142565	0.9636123465155567
CMTSOLUTION_200902111734A	0.8355408936004018	0.004815586931495843	4769.728957706928	0.7748658831044807
CMTSOLUTION_201108071435A	NOT FOUND	NOT FOUND	12.54595954351296	-0.36661783611135923
CMTSOLUTION_201205141000A	0.8334121501611532	0.07116823166041218	107.21700861323677	0.8966483760896381
CMTSOLUTION_201206172032A	0.8692323646057655	0.09244533614169216	1594.5624907862007	0.8693804912398784
CMTSOLUTION_201003040018A	0.8804697231578755	0.008142541753039462	518.2731793622376	0.9926413634028521
CMTSOLUTION_200812081839A	1.5463225191228969	0.1936676656326552	210.75884260502562	0.7668516903692227
CMTSOLUTION_201002271545A	0.9573055052305546	0.03966451074682822	28.0369525603505	0.9884396474802466
CMTSOLUTION_200804150303A	0.9374229418227928	0.08102024537255444	439.65231968772855	0.9308073193954254
CMTSOLUTION_201302060007A	1.4122282378639885	0.0320490219302159	4251.993198701084	0.8760716817960785
CMTSOLUTION_200805092151A	1.3990340942743322	0.058796025261074206	2154.024871976348	0.9178142274231939
CMTSOLUTION_201105061620A	0.9284296915974748	0.006614690501744064	83.41443659401465	0.9781552089498408
CMTSOLUTION_200805231935A	0.8672195299966513	0.028042785911831417	8607.414540677622	0.9873860552122935
CMTSOLUTION_201302061153A	0.9214158673557236	0.08071233760161313	22.95613115321154	0.9721671302319588
CMTSOLUTION_200908170005A	NOT FOUND	NOT FOUND	11615.401432115481	-0.38338120164637157
CMTSOLUTION_201401130401A	0.7902999264081049	0.023670160957538933	1222.9884832162281	0.9534760409302206
CMTSOLUTION_201301310333A	0.9241784726645411	0.11558216101573777	127.72952902135617	0.9654104504200801
CMTSOLUTION_201011031813A	1.0117872351601331	0.06262029734963215	29.917991042221615	0.7639165311326559
CMTSOLUTION_201303102251A	1.0866250017746282	0.09101146987954956	2161.39411757928	0.7500271142119139
CMTSOLUTION_201305280009A	0.814627395010853	0.04306365529859564	114.9056923659038	0.9343432035929173
CMTSOLUTION_201304161044A	0.8480496424270028	0.030162809647282064	41861.613371764295	0.9565323244430909
CMTSOLUTION_201107312338A	0.8908203888620615	0.06195260371954592	6819.229103518543	0.9932589878880899
CMTSOLUTION_200904010355A	0.7738575341097521	0.044616782180926975	751.3332070047687	0.9817703359354226
CMTSOLUTION_201105142107A	NOT FOUND	NOT FOUND	582.7701461266814	-0.11324047045972
CMTSOLUTION_200909301016A	0.8280064798829079	0.07608517423341453	9597.133307432332	0.8303087736677841
CMTSOLUTION_201103200826A	0.5683371462035158	0.03965664974281456	78.09877992130765	0.9788727276013056
CMTSOLUTION_200905280824A	0.8033428585946818	0.09457375399830621	3650.3509502586176	0.9716698650108694
CMTSOLUTION_200909031326A	NOT FOUND	NOT FOUND	98.98131008333009	0.33765347036626486
CMTSOLUTION_201106030005A	0.837256179832823	0.05769635701462851	1131.784175896185	0.9461017295081378
CMTSOLUTION_201003261452A	0.6400689372115046	0.0029196317547826108	165.48543146787466	0.9824515406152925
CMTSOLUTION_201006180223A	0.8622018407026658	0.08083114439932482	892.739482502998	0.980503667285426
CMTSOLUTION_200808112338A	0.9401925789755438	0.045100802426424724	781.6069542129435	0.990799342847448
CMTSOLUTION_201102140340A	0.7938708843960293	0.024084553254890156	415.9857137569149	0.9951605113790418
CMTSOLUTION_201306162139A	1.0757051647029228	0.030149245134878107	1449.9957216833345	0.8149436342162611
CMTSOLUTION_201309061133A	NOT FOUND	NOT FOUND	51.103938645816235	-0.48385287103193875
CMTSOLUTION_201312281521A	1.003594986240929	0.11914772322531703	874.7716450683627	0.9290463420670118
CMTSOLUTION_200810140206A	1.1388304055354164	0.0385914428259884	148.337843118364	0.649079065652394
CMTSOLUTION_201206071603A	1.1347585662593969	0.0921993278903087	49.111559227529725	0.8805581417631805
CMTSOLUTION_201010211753A	0.8276642811260855	0.05302909608527981	6821.722461687963	0.9914710887229001
CMTSOLUTION_201103220718A	3.178473752556167	0.13596560564986437	700.8951109033003	0.8797834297443146
CMTSOLUTION_200908050018A	1.0651615560014998	0.05151441769174654	586.7852458995474	0.9656849238086178
CMTSOLUTION_201007180556A	0.8687828326019911	0.13657288839145254	2531.2707126451232	0.9633273975836335
CMTSOLUTION_201111231217A	0.8182360390181378	0.08282755791800508	190.35505754180102	0.8336557286482833
CMTSOLUTION_201203141049A	1.163182384880153	0.10431248977520326	7.4300153921970296	0.8253420317089004
CMTSOLUTION_201110140610A	0.6245142075809486	0.14747350433444065	9.68258659666545	0.7839351140048518
CMTSOLUTION_200908101955A	0.8446484940202179	0.03222758918207636	6810.36979982843	0.9521096252320488
CMTSOLUTION_201309040023A	1.2573981546131219	0.11265229990692624	545.5344355411719	-0.9556479054008908
CMTSOLUTION_201003160221A	0.9251260525837421	0.047681170796894594	4537.595212698623	0.9729653212943771
CMTSOLUTION_201007181304A	0.8677779490356102	0.07005419151289026	8312.311451325611	0.9825920995555104
CMTSOLUTION_201010031521A	0.6203260718333895	0.051148235120995034	46.854857417484354	0.8037510702433386
CMTSOLUTION_201102041353A	0.9372256691984635	0.0613745983582638	477.7571044270322	0.9892718252338825
CMTSOLUTION_201007300356A	0.8544420123384748	0.105316735893855	1844.3995021466903	0.9024569511994336
CMTSOLUTION_201210240045A	0.9483834447443565	0.03316783528350915	1697.7826726642093	0.9843113440677935
CMTSOLUTION_200805191426A	0.7070860463488092	0.18722740681839858	148.6526758014697	0.63919841286877
CMTSOLUTION_201205071415A	0.8989324269985702	0.07565268978610065	67.04058534503919	0.953180448943375
CMTSOLUTION_201106222150A	1.2245940648363203	0.030180927773477396	2347.9887691136773	0.7806542503780733
CMTSOLUTION_201401261845A	NOT FOUND	NOT FOUND	70.75457467456943	0.4553294333623087
CMTSOLUTION_201106011255A	0.9763561805911437	0.062199855860547396	359.26923636377614	0.9752423585469996
CMTSOLUTION_201209262339A	0.9233784703836994	0.04397228030478215	535.1792558792148	0.9816685642244576
CMTSOLUTION_200801060514A	1.2073878900886348	0.10528601120731973	433.342071836139	0.9508712665811077
CMTSOLUTION_201209031823A	0.9284048141501827	0.30218771030820746	191.17438076361302	-0.8100209071859997
CMTSOLUTION_201105132335A	1.0165340883025509	0.11524873385393529	199.39692293496728	0.8587604688406095
CMTSOLUTION_201008121154A	0.9800891548367979	0.03952840359085717	3046.5537336184093	0.6871562203836619
CMTSOLUTION_201005060242A	0.6962445631483015	0.06286966441207074	607.9636885798191	0.9723570165200924
CMTSOLUTION_201005251009A	1.00259274099342	0.02534882515628529	1496.720578235844	0.9569598252466259
CMTSOLUTION_200806281254A	1.0719898882862087	0.15268807805232743	420.709572765429	0.8991502603017588
