event	E	sd	signal/noise	char_func_max
CMTSOLUTION_201308120949A	0.9521694923495121	0.0762471705502099	116.696846805794	0.9608746811189152
CMTSOLUTION_201005241618A	NOT FOUND	NOT FOUND	433.4822227134678	-0.45941567000880107
CMTSOLUTION_201402101206A	0.6318080714488863	0.10675980039583513	20.633746799315894	0.6284217056962657
CMTSOLUTION_200802141009A	0.8874443984607869	0.006125459683811765	6349.403081556459	0.9710012046513976
CMTSOLUTION_201003111439A	0.783554683313245	0.01564360418518033	4656.231951053744	0.9831890332660388
CMTSOLUTION_201201101837A	1.1654208925630736	0.011691585664447371	3633.513300519946	0.9457478293092669
CMTSOLUTION_200906062033A	0.8605703382325963	0.06251523043004782	349.20902546852153	0.9846061576351206
CMTSOLUTION_201304060442A	0.8912181967634393	0.08524201995962076	2955.1754318935796	0.8918781060946684
CMTSOLUTION_200810122055A	1.39229407875816	0.07912383998677025	193.01031812986514	0.7308599752092714
CMTSOLUTION_201208261505A	1.301391303428883	0.10942326325969583	606.686544540976	0.8506187686237947
CMTSOLUTION_201111072235A	0.8366080100869663	0.09113077734057173	150.21319870006317	0.8244863437199682
CMTSOLUTION_201103112011A	0.7448350006744228	0.027684386274558048	16.301850343975293	0.8956663627293625
CMTSOLUTION_200907040649A	0.9289348893110002	0.04794271033459555	359.078109987356	0.9896845694300136
CMTSOLUTION_200802131958A	1.206675220685226	0.1739422062365457	263.9453521778372	-0.9035146943644098
CMTSOLUTION_201304201312A	0.811492022267664	0.05613393246483932	250.9267374882047	0.8486478998023647
CMTSOLUTION_200905191735A	0.5471555180862065	0.0473591221591126	132.38685150953063	0.9476719073534194
CMTSOLUTION_200811240902A	NOT FOUND	NOT FOUND	3086.2601547927607	0.4616610137079765
CMTSOLUTION_201305140032A	0.8557951649397323	0.17583543933560622	353.23389417813337	0.7902666541485927
CMTSOLUTION_200808100820A	0.7642133367650196	0.06434652209102378	798.9791777861793	0.6244953805103689
CMTSOLUTION_201102120117A	0.8561866696916156	0.040548569942019205	13.93091994590651	0.9886311844105372
CMTSOLUTION_200807080742A	0.7271691267340534	0.0705936257007123	551.3814280659	0.9420736548787159
CMTSOLUTION_200906162005A	0.9729341237479369	0.02903751105754264	453.6386011415609	0.9440882836949319
CMTSOLUTION_201101022020A	0.7057780171749795	0.02213291482037777	7025.929902196977	0.957085122252945
CMTSOLUTION_201004042240A	0.5660169089868653	0.03181406079145711	2199.5208981212418	0.9652039555960534
CMTSOLUTION_200908280151A	1.1249709174419018	0.4178058041700852	2074.3697062647316	0.719306842256375
CMTSOLUTION_201204150557A	0.7197421241225471	0.02781094124269186	446.17694554758475	0.8714122559842691
CMTSOLUTION_201307041716A	0.8586488427112844	0.026313863808097936	240.48975946363538	0.9609710551892388
CMTSOLUTION_201012151129A	NOT FOUND	NOT FOUND	45.61987497565087	0.5653668427784642
CMTSOLUTION_201310041726A	0.5613103202741921	0.036241779300244255	686.2299501516513	0.960137471614743
CMTSOLUTION_201306061153A	0.8984444247007844	0.06793979638398503	37.9760573995152	0.6755733802463293
CMTSOLUTION_200804190312A	0.7864997294397206	0.1006597901238269	136.08245907280184	0.7568057227405541
CMTSOLUTION_201009270008A	0.8539276306276729	0.06665822997369547	265.0317898523765	0.9467596712795092
CMTSOLUTION_201401282222A	0.8977950962822121	0.0375029292458269	140.40470222494685	0.9957813134463209
CMTSOLUTION_200806050216A	0.9948110061239847	0.02247266110709582	462.1558329709439	0.9716606102067841
CMTSOLUTION_201111300047A	1.8720817521473014	0.24322947901518174	178.41369731618232	0.7404381360442193
CMTSOLUTION_200801090826A	0.6814567506973427	0.1861513708291937	4244.773322006249	0.8515530548028952
CMTSOLUTION_201210141013A	0.6794709603781478	0.041842081285694804	268.83153836976646	0.9896139940346695
CMTSOLUTION_200808042045A	DiffNPTS	DiffNPTS	DiffDelta	DiffNPTS
CMTSOLUTION_201004302316A	0.9404456875620429	0.055108950207836335	5993.679433573293	0.9344266404438042
CMTSOLUTION_201004231003A	0.9762397961394605	0.0671192478049747	731.4930051471756	0.9865883215417535
CMTSOLUTION_201310312303A	0.8040306162056929	0.015187327227190803	1832.0597107772523	0.9913506785580092
CMTSOLUTION_200904070423A	0.7346206028229048	0.07307839215524321	5364.392824156149	0.9466169566512715
CMTSOLUTION_201204112255A	0.8884729319533452	0.026995377490432224	2086.0100022835413	0.997031296905439
CMTSOLUTION_201301302015A	0.6783205417181845	0.015849038678544158	2272.7708195606383	0.9688086773169163
CMTSOLUTION_200912100230A	1.5380629558968941	0.19927843737941384	89.00664781421688	-0.6839718106260212
CMTSOLUTION_200907061453A	0.8745629023920234	0.014923900212624562	312.697188698853	0.9648528719654613
CMTSOLUTION_201105280547A	1.119009036811127	0.21980024481466906	35.7942026724896	0.885915485202157
CMTSOLUTION_200908031800A	1.4712995396166169	0.5913460973092992	11014.198442097722	0.9085058898609487
CMTSOLUTION_201006010326A	1.00885792909057	0.02799219004476473	449.37658490798435	0.9624220044567083
CMTSOLUTION_200805201353A	0.9743108070178451	0.051002804877102036	434.3890614475308	0.9642801901033613
CMTSOLUTION_200808262100A	2.4901732697357857	0.09661356583642722	455.51703047855017	-0.7748208507887782
CMTSOLUTION_201005190415A	NOT FOUND	NOT FOUND	137.9915327832369	0.5182046716141647
CMTSOLUTION_201204171903A	1.0091356928315598	0.01748642279487355	614.5159357538698	0.9889098012638848
CMTSOLUTION_201206070405A	0.8306015886904894	0.05798057154414905	767.493942327781	0.9934731537339785
CMTSOLUTION_201308070906A	1.2689406809037174	0.22710268040407622	162.66062376824436	0.7683347648280179
CMTSOLUTION_200908031840A	1.5314513284684634	0.5936786482748933	1714.9683634806315	0.8373665858752547
CMTSOLUTION_200906191405A	1.071698834696843	0.0044933927135755196	1591.0515847691831	0.8895822778984317
CMTSOLUTION_200810301515A	1.0540372493150991	0.028464482365623846	137.2294741671367	0.9758503027710151
CMTSOLUTION_201402180927A	0.8655167212542696	0.14665485871916556	449.3925100724474	0.9173776736757914
CMTSOLUTION_201107160026A	0.8470456543613457	0.029979302990928706	295.29401905920594	0.9945812538818549
CMTSOLUTION_201104071311A	1.4406256148773422	0.17199324908457794	15943.384247064034	-0.6888407148204032
CMTSOLUTION_201002271900A	0.7986919382795512	0.0075157294375968586	14.455167505464745	0.9935347539603276
CMTSOLUTION_201306242204A	0.9333716490437907	0.016446056541964224	3974.961502013797	0.987064281719173
CMTSOLUTION_200908171011A	1.4652862922271226	0.09942016619907908	1483.7877402692452	0.8319753107034287
CMTSOLUTION_201302010536A	1.4354152500651913	0.085866192372828	47.33436834001873	0.9283178826391606
CMTSOLUTION_201201151421A	1.113707236878832	0.09887956125203633	521.6897905931116	0.9583218427611021
CMTSOLUTION_201306050447A	1.0507243752696331	0.026436862769048452	380.4102789754817	0.9872898404779447
CMTSOLUTION_201001220046A	0.9770126634520783	0.04763696780938134	204.12352345634133	0.8072609742967174
CMTSOLUTION_201003051147A	0.7887425015499676	0.0263005915189496	565.7151578559974	0.9961285035579377
CMTSOLUTION_200802270654A	0.6178426638833908	0.021018490724299305	147.70048311823126	0.9872290362514499
CMTSOLUTION_200905120126A	0.7351673395414317	0.02508882895798616	182.26154053920612	0.9636849792472016
CMTSOLUTION_201106240309A	1.036959472227013	0.058254780840008305	5835.9763729793995	0.9472853232097039
CMTSOLUTION_201310121311A	1.0957020109958662	0.10807544389937657	9980.488266876902	0.8782607445572621
CMTSOLUTION_201112271521A	1.2164728657806756	0.09864849790449312	10620.018782848147	0.9798608388734831
CMTSOLUTION_201204200121A	2.2667873936885004	0.14555231057506482	75.60818552238337	0.9215376525695913
CMTSOLUTION_201310311202A	1.5156663130297063	0.24943653288513	990.1259215969621	0.9720608523326842
CMTSOLUTION_201109181240A	0.7256732891039881	0.03809768732433988	2726.4819624837987	0.8710646168873574
CMTSOLUTION_201002180113A	NOT FOUND	NOT FOUND	1018.1947832622143	0.48991404550640344
CMTSOLUTION_201109091941A	1.12805249326075	0.0833116194144266	2105.4184537193764	0.8734612861998443
CMTSOLUTION_201107161959A	1.0354526288537431	0.007230512695188065	85.7424154843336	0.9929714648858199
CMTSOLUTION_200909020755A	1.264925491208403	0.06560271763064697	8168.556466883836	0.9658671855455001
CMTSOLUTION_201011031118A	2.13505868413926	0.054041052976472145	111.64802867561123	0.7052668507982647
CMTSOLUTION_200905100116A	0.6462312598328132	0.01613637529451549	334.55969742673767	0.98836012514342
CMTSOLUTION_201304051300A	1.4247075058258325	0.034195697026978014	131.69824513599437	-0.7150502167858005
CMTSOLUTION_201003031744A	0.8033551713165525	0.025811514761819414	541.2354177929449	0.9689896283782471
CMTSOLUTION_201001032148A	0.9621384588212739	0.0942366320291374	2556.886937119396	0.8862020976505514
CMTSOLUTION_201211161812A	0.8927214070908552	0.04031311897443482	6092.469373424325	0.9772869754720376
CMTSOLUTION_201007181948A	1.0029318241242455	0.08489937017249145	89.07126931083207	0.9741999862165758
CMTSOLUTION_201103130126A	0.74107384553427	0.010298295461617884	131.2426662397039	0.9516673054877676
CMTSOLUTION_201208101837A	1.1248097850923773	0.17286101987767266	1185.406478993914	0.9651594103300591
CMTSOLUTION_201310251710A	1.0678694088716778	0.19713401392414404	25675.85961154655	0.9225529423496495
CMTSOLUTION_200912170137A	1.1668430088348791	0.22994891374073795	1119.1041490269515	0.9125458720241642
CMTSOLUTION_201205070440A	1.1093314938055854	0.10499925022954038	578.9551062419386	0.9129518759482569
CMTSOLUTION_201211190944A	1.427803127280618	0.21690717067914242	151.70866179346106	0.8825208802507337
CMTSOLUTION_201001032236A	1.45382732501217	0.20064641763731228	1581.9726064591516	0.9247353114890032
CMTSOLUTION_200802250836A	0.8157502638145209	0.08674422289378778	6326.874645105234	0.8868588255255471
CMTSOLUTION_201210300249A	1.2265957775780314	0.07565385545519045	3565.1021545765443	0.9656064576983197
CMTSOLUTION_201104091257A	1.0625343081887595	0.11372172740472958	659.3804792933984	0.9170242691964235
CMTSOLUTION_201005232246A	0.9446008820646554	0.03076370876942796	48.471355513473995	0.9581376889777931
CMTSOLUTION_201203252237A	0.7960097557894457	0.08020793846311118	5527.596122349184	0.9971887138672789
CMTSOLUTION_201109021347A	0.7983319226239349	0.037126144890632665	8.214419995710026	0.9620300345464432
CMTSOLUTION_201011100405A	0.9384549328578254	0.1502525446414275	701.1537980530045	0.8277165831269588
CMTSOLUTION_200804231828A	1.3237827550715673	0.1676456019934728	845.9686206423182	0.8735288981352082
CMTSOLUTION_201310120210A	0.9865735514739796	0.09140738314684747	120.76412995695047	0.915901887543651
CMTSOLUTION_201004132349A	1.06411784201184	0.014886538034551595	6495.734652534545	0.8954073410713392
CMTSOLUTION_201304140132A	0.8921401089978076	0.08215809678795932	768.3288952410702	0.9981040430098144
CMTSOLUTION_200805071602A	1.1803225647851068	0.03355569868870095	15537.545530128893	0.894447972003978
CMTSOLUTION_201310150012A	0.7818875155516394	0.09214746287720171	4967.702515497003	0.9774812552842966
CMTSOLUTION_200805071616A	1.1945324055674411	0.031150061306947398	13431.062549913993	0.8692574580811738
CMTSOLUTION_201102101439A	NOT FOUND	NOT FOUND	51.69814515733762	-0.5411041398529097
CMTSOLUTION_201309280734A	1.9550215984501382	0.24211726380312132	11082.440819376916	0.6953976626678666
CMTSOLUTION_200903161415A	1.0374926666048419	0.13474240898863074	701.6582156941242	0.7311443045823044
CMTSOLUTION_201310161031A	0.8843419591961367	0.030150855828012132	1926.7269225162124	0.9951459100360699
CMTSOLUTION_201208111223A	NOT FOUND	NOT FOUND	4235.253597835069	0.4913457008507257
CMTSOLUTION_201402120919A	NOT FOUND	NOT FOUND	17476.825279641755	0.5871016414724771
CMTSOLUTION_201005141229A	0.95933418515609	0.04614882120950479	401.7104680290065	0.772846260107641
CMTSOLUTION_201006160306A	1.323642519986204	0.03733308803388952	2322.9606954367378	0.9399560405699605
CMTSOLUTION_201001050455A	1.0771581179816967	0.02593130240808305	1367.794951840328	0.740737093799974
CMTSOLUTION_201206040045A	0.8533071477764388	0.03250145560314105	618.7762029327671	0.992816142546098
CMTSOLUTION_200909240716A	0.9404281098368287	0.020445059240778538	1336.3351649604292	0.9775500469677686
CMTSOLUTION_201206140552A	0.8413646738246813	0.04658787841379957	44.598465002237035	0.9001612083012404
CMTSOLUTION_200811021348A	1.0603464565683338	0.01980966597067338	271.62567786932766	0.9530706797713987
CMTSOLUTION_201103090245A	1.3875120212815943	0.0995096721636582	58339.241089974195	0.854327538210526
CMTSOLUTION_201211071635A	0.9439847780783212	0.1135351766077271	12454.017929404563	0.9548352690061366
CMTSOLUTION_201309040627A	1.0152941823885255	0.08980831669425517	56.749264438869226	0.967998923622689
CMTSOLUTION_200803031411A	1.095365414433585	0.17533997936045967	362.87457718365204	0.8662570788658294
CMTSOLUTION_201312010629A	0.978560724446683	0.09748353633797366	106.01061131299431	0.7177836824231805
CMTSOLUTION_201005260853A	2.03625681096349	0.38274839428166185	2396.939890274712	0.7114433595515769
CMTSOLUTION_201004022258A	0.8337526161813607	0.039363963584123814	364.41025658165665	0.9965886495914809
CMTSOLUTION_201010251937A	1.0578849011489102	0.02893068238953575	32.04146631069017	0.9230648020328802
CMTSOLUTION_200902120830A	0.9211531139759114	0.13187825449862517	119.60538022798951	0.9018516578439489
CMTSOLUTION_201304200002A	0.8377351869255245	0.04166203986992276	4273.601058014235	0.9689095069778979
CMTSOLUTION_201204210116A	1.3007920725634936	0.01776355913835521	328.8132021208228	0.9553610248130565
CMTSOLUTION_201011030056A	NOT FOUND	NOT FOUND	123.85776702663455	-0.28262514091911406
CMTSOLUTION_201003241411A	1.2564834856626912	0.023393530607164165	43.14629413171842	0.9105841012793014
CMTSOLUTION_201204141056A	0.7950871511152088	0.031352935085421536	196.89216656094567	0.9788550273711999
CMTSOLUTION_201305241456A	1.3874588092734668	0.10479552285016781	270.6843415050611	-0.9478868543258453
CMTSOLUTION_201204170713A	0.8328594886535421	0.058497734290470935	66.85160531071148	0.8937404890603977
CMTSOLUTION_201203140908A	1.3204458813965403	0.16972078417757291	6514.396981413201	0.9644380609998802
CMTSOLUTION_201002231025A	0.7523846924049252	0.05835002489353845	36.975597517149424	-0.9018424248467796
CMTSOLUTION_201212070818A	1.407013328813619	0.11864573604175459	24848.32488951709	0.8477670483208682
CMTSOLUTION_201003081112A	1.095993439671067	0.14157381259081298	6.3174760994453525	0.9010912312749111
CMTSOLUTION_201002262031A	2.1118699317850766	0.35913962101936825	6698.22793795676	-0.7669866132597744
CMTSOLUTION_200811071604A	0.9695273351481468	0.11917214035352641	345.15529514645755	0.7898859498105577
CMTSOLUTION_200808270135A	0.9845609732186886	0.14705228317309849	2713.037128663822	0.9032761429138724
CMTSOLUTION_200902281433A	0.9992400509658742	0.010051310937426228	397.1118666324858	0.9292902126941088
CMTSOLUTION_200806031620A	0.7296361678942751	0.029837062741091006	220.82830570462528	0.9674025127650114
CMTSOLUTION_200810281600A	0.7912226189233994	0.10844207849179045	202.91482624731364	0.9705250079276784
CMTSOLUTION_201207250027A	1.55623910369818	0.24984165473677036	955.8573805698729	0.7189188161371828
CMTSOLUTION_201311120703A	1.0218913127621825	0.05905044602735591	1307.2326607871046	0.9402118777573404
CMTSOLUTION_201204120706A	0.690128176877892	0.017481781838495816	13592.534208930942	0.9964927741252706
CMTSOLUTION_200801051101A	0.9139539179232288	0.08971776046621831	3160.9180446227256	0.9755239401527002
CMTSOLUTION_200809101308A	0.7770655974361639	0.03026114332809762	1244.1311555495386	0.993571374008248
CMTSOLUTION_201304191958A	1.1260838026203184	0.009751558197623867	155.26128837300502	0.9712579149113458
CMTSOLUTION_200912192319A	1.3878591886840004	0.20764182252239416	192.09321735030795	0.742627672569579
CMTSOLUTION_201108102345A	0.7166129782511477	0.20666387535047287	746.1234272645173	0.9638607432721993
CMTSOLUTION_201208121047A	1.401557053107202	0.1159394411361072	2152.9910919634403	-0.6591314397274969
CMTSOLUTION_200810282309A	1.1860653208886962	0.09905847627601566	1473.288094629253	0.7720210133714503
CMTSOLUTION_201007120011A	0.8810020809890136	0.01760179757656746	877.6722943950606	0.937763995392789
CMTSOLUTION_201110281854A	1.062017652383952	0.05024212671179687	4696.488304233446	0.9723626406174712
CMTSOLUTION_200912091600A	0.984712771426819	0.032207180239100484	393.11853168645337	0.8308666499849872
CMTSOLUTION_201008142301A	0.8913809591736866	0.02430529676498806	1887.8606938706137	0.9821028458254493
CMTSOLUTION_201108171144A	0.6709994883672138	0.03107068800826382	1144.6953423287928	0.8757152265452155
CMTSOLUTION_201206191556A	1.0303974473787736	0.04504384795994001	400.1983522184347	0.9835337559102921
CMTSOLUTION_201212070831A	1.4368748643145175	0.12819138218001014	24634.47846449833	0.8711285302551827
CMTSOLUTION_201110232045A	0.9871831292543491	0.036653550349695536	390.0242762579984	0.921875245196927
CMTSOLUTION_200807050212A	1.761788942569821	0.4798442560411288	18252.683278892287	-0.8388584534327677
CMTSOLUTION_200904040531A	0.9731033305337334	0.06143779745767501	427.71180218172424	0.866639844512095
CMTSOLUTION_201007232251A	1.6809190527217654	0.04490668182097539	261.25799992892917	-0.9552681951555614
CMTSOLUTION_201107112047A	1.5159377186329361	0.049082844130461135	1631.2853992384623	0.8564754261791828
CMTSOLUTION_201003111455A	0.779735299952393	0.017581055563019757	7125.535811451386	0.9962951314309587
CMTSOLUTION_201106230734A	NOT FOUND	NOT FOUND	1696.2944784021333	-0.10156566005292766
CMTSOLUTION_201205231502A	0.9560688193698754	0.039309550551910995	474.256531636879	0.9346469305850869
CMTSOLUTION_200902162316A	1.3021719620561352	0.027659778337472594	861.0395134649843	0.7264931609149059
CMTSOLUTION_200907010930A	1.1181675855640112	0.015551965206635905	6167.4812700200455	0.9667188726963465
CMTSOLUTION_200902120349A	1.0768964799013703	0.10822611973785616	268.47383893945255	0.9357185125205565
CMTSOLUTION_201310191754A	0.9039458661256574	0.02866392568863541	5397.374913966203	0.9558510162729802
CMTSOLUTION_201205262148A	1.6308518783427348	0.04858620810507348	21.688195838696565	0.9325563173835871
CMTSOLUTION_200806032204A	1.0500128304331806	0.05431586206163443	74.82297698967005	0.9345742943813702
CMTSOLUTION_201102071953A	0.740504303850004	0.01937809101955587	142.11363742033677	0.983482770715482
CMTSOLUTION_201007201918A	0.8101798397171298	0.034928759325586214	271.81147637705294	0.9390035348402117
CMTSOLUTION_201303202228A	0.9726522297146101	0.02316709208558652	567.3539852267384	0.9970421506828782
CMTSOLUTION_201207200610A	1.072287579695931	0.11143109691164794	482.67379492655385	0.9869623882829883
CMTSOLUTION_201105151308A	0.857049662188401	0.011705998001410768	303.41948338485884	0.9668255599210334
CMTSOLUTION_201109141810A	0.7457342327835608	0.036815645511490906	378.277966417292	0.9715966938014
CMTSOLUTION_201311160334A	1.2229796400637085	0.12388206230090869	1848.8871271337007	0.952088588872163
CMTSOLUTION_201301202332A	0.8371994618733076	0.00862744218995112	254.20172424179822	0.9627138044978859
CMTSOLUTION_201002070610A	1.2448758485149292	0.07548105698136355	909.814183478264	0.865484159390162
CMTSOLUTION_200807240143A	0.9994545094511935	0.05002789260644678	1814.7122667307647	0.9839178510317601
CMTSOLUTION_201206040315A	0.9968004518391179	0.010557042424934476	64.31443871675461	0.9896570689732834
CMTSOLUTION_200807131458A	1.054282546895905	0.024685887396570207	3435.255393763371	0.9450546568670362
CMTSOLUTION_201006240532A	1.0510374049329643	0.01714024865444914	75.73121647558173	0.9909221351769929
CMTSOLUTION_201206251305A	1.1314299873504845	0.11733749485436318	54.01094156370124	0.9455343807739552
CMTSOLUTION_200907071911A	1.5052058253433322	0.09926688944935297	260.11594987847207	-0.924680838684
CMTSOLUTION_200803202233A	1.0461991159394466	0.16074902579176512	47559.32344470557	0.6522479798671948
CMTSOLUTION_201303240418A	0.8287174594936085	0.022081734927660107	315.1354238787238	0.9854344198511875
CMTSOLUTION_201201010527A	0.7891164234953247	0.07226350310567062	504.0061415324367	0.705249063387409
CMTSOLUTION_200804140945A	1.117627357263434	0.0883665833953453	114.7619884516318	0.9491778660412324
CMTSOLUTION_200811221849A	1.0052176654069187	0.09026559801520452	50.24699794203754	0.982536355086254
CMTSOLUTION_200803030237A	0.9440974464206544	0.014488035112401241	210.85276503152008	0.8451817283560903
CMTSOLUTION_201203040331A	NOT FOUND	NOT FOUND	170.05503247625057	0.22641458331186762
CMTSOLUTION_200811010113A	0.7571344188545749	0.031018264495678877	79.95148820466423	0.9825667468678482
CMTSOLUTION_201112140504A	NOT FOUND	NOT FOUND	941.4112887713559	0.3049272058171457
CMTSOLUTION_201103251136A	0.806516900591313	0.033485019206219956	594.55016955355	0.9562816776013124
CMTSOLUTION_201107261744A	0.8036953173206969	0.018920195704746456	660.3646992374523	0.9960792424576291
CMTSOLUTION_201202061010A	0.6791853811311434	0.029802559024984514	5.949461832332819	0.9407799302838487
CMTSOLUTION_201208140259A	1.6753019081911387	0.02336881782400679	24533.19311955285	0.7050589327088287
CMTSOLUTION_201003080747A	1.6704293560090593	0.11358065810941184	282.8482902998136	0.7989909272493392
CMTSOLUTION_201208180941A	0.9043078163248933	0.043045351409321836	216.2655372230378	0.9669094410239676
CMTSOLUTION_201301281638A	0.9697605492635427	0.13978122943473228	760.0080855363185	0.9216470634696448
CMTSOLUTION_200809240233A	0.9008534948491237	0.03202072546673399	1337.7972652025737	0.983493913222478
CMTSOLUTION_201210120031A	0.9048794403120378	0.07761044977423233	1056.1420967934241	-0.8092504574242804
CMTSOLUTION_201007140832A	0.9736344883264088	0.025692726320390623	2982.4313529294013	0.9938736799578218
CMTSOLUTION_201306151734A	1.0126876235607523	0.026736469175069645	66.74666465562868	0.9775435639542583
CMTSOLUTION_201105151837A	0.8243030290929754	0.02067939660416543	1054.6875266689449	0.9960463516680174
CMTSOLUTION_200806222356A	1.10613645406929	0.02307999885330634	163.20562375233706	0.9921764789418839
CMTSOLUTION_201109021055A	1.1808844781590409	0.01840274324878516	4503.738613465028	0.9866041233792999
CMTSOLUTION_201107100057A	1.5611245710079995	0.13756076672536716	4371.425155784131	0.922451600970714
CMTSOLUTION_201008240212A	0.9491398524661667	0.03115625624316987	294.13711734363005	0.9832738368786141
CMTSOLUTION_201402010358A	0.8985195567855093	0.07426242494976151	66.74178171756549	0.9867741065763623
CMTSOLUTION_200811161702A	0.7162532362674379	0.03431055939658138	9220.27867940163	0.9091573066869014
CMTSOLUTION_201312172338A	1.466176953557886	0.16964512845200672	403.7177098896639	0.7143277450631097
CMTSOLUTION_200807191101A	0.9182610331611661	0.10674095335833242	9.743857579858329	0.94115928139926
CMTSOLUTION_201002281125A	0.8135686820356167	0.03580386442554052	485.92748428768533	0.9929003633810874
CMTSOLUTION_200908280152A	1.2189105649205745	0.5004404494768578	1932.806986103917	0.7197392773146928
CMTSOLUTION_201004260259A	0.8318479973329023	0.10000497405058967	2725.5087260487885	0.7654341754070799
CMTSOLUTION_201402262113B	0.4647133865412479	0.07443334282982131	97.97340881005061	0.8954493453491528
CMTSOLUTION_201209190917A	NOT FOUND	NOT FOUND	18.62953049500248	0.541688217275988
CMTSOLUTION_201003051606A	1.621197618446405	0.2752698672719151	1193.1237611968359	0.8882256290695627
CMTSOLUTION_200908122248A	2.1646937643754725	0.19714325923903595	1392.736783501259	0.8677792732178586
CMTSOLUTION_200803030931A	0.8500308221047455	0.03369651028318788	1789.7484115308202	0.9355896298977737
CMTSOLUTION_201003050919A	0.7900403409298059	0.031023504470121165	265.2071739996314	0.9970799157697001
CMTSOLUTION_201005032309A	0.9004946173888542	0.03822049502091484	1209.1760259488503	0.965479748196246
CMTSOLUTION_201302060123A	0.8386199165231054	0.0848022476022612	696.5199598548115	0.985320183580967
CMTSOLUTION_201003080947A	1.0802170723929196	0.11366809012858764	12.509358180151182	0.8652883254833162
CMTSOLUTION_201003070705A	0.8588116823689653	0.032770371009844854	87.70230182729709	0.9914990500012182
CMTSOLUTION_201302170542A	0.8263523679809274	0.05116202047898707	98.3698926517033	0.7153851925820537
CMTSOLUTION_200906231419A	0.8430470831376263	0.0230648863991083	836.2084074209379	0.9868656816988715
CMTSOLUTION_201111091923A	0.9302898701332035	0.03938834257773779	865.9108102127301	0.7115019858540711
CMTSOLUTION_201309050401A	0.9341975575621111	0.04370166493986589	1786.5211013698902	0.9905815433585028
CMTSOLUTION_200802101222A	0.9299102509092606	0.01369785558283774	545.7464078546782	0.8661474626712132
CMTSOLUTION_201307212345A	1.4687116228096186	0.07717329615395827	820.123595720778	0.6026917002991238
CMTSOLUTION_201304210322A	2.4232227204451755	0.0981165609237953	163.76418115629974	0.8911899513730308
CMTSOLUTION_201205280507A	0.9305501451321967	0.08114693914563077	1130.9303986806347	0.8065654767462657
CMTSOLUTION_201209220352A	NOT FOUND	NOT FOUND	81.9559781521944	0.5718770563865169
CMTSOLUTION_201308301625B	1.023983058448647	0.04802718746376333	6526.35923301597	0.9566095180818633
CMTSOLUTION_201105132247A	2.9308027038620463	0.590084743354386	923.1214258145633	-0.6195777627345854
CMTSOLUTION_200907131805A	0.9350323371238155	0.19425909154231819	3425.2976794683236	0.8778533536016864
CMTSOLUTION_200811100122A	0.7600456358990052	0.11771797930768495	3794.2362340949308	0.9623476241975677
CMTSOLUTION_201309300816A	0.8477845913920686	0.0355723866901127	8.568802902379137	0.9820003657501681
CMTSOLUTION_201009291711A	1.176952740598266	0.09891123899878151	1705.6728091393811	0.8943553223579508
CMTSOLUTION_200802201827A	1.1942256255427688	0.06523369029253015	8019.609054300782	0.875961149323863
CMTSOLUTION_201107190713A	NOT FOUND	NOT FOUND	62.92005119589652	0.552167454351406
CMTSOLUTION_201110231810A	2.0225653277476683	0.22717468090084983	326.98726933223656	-0.9068104634713912
CMTSOLUTION_200909172321A	0.8498049307358461	0.05218067333346275	157.8656945983737	0.9263464077802178
CMTSOLUTION_201107151326A	0.8038270001805078	0.012270425918236873	36.382746544410864	0.9685467749445028
CMTSOLUTION_201104242307A	NOT FOUND	NOT FOUND	1020.2243775166564	-0.15942800219771383
CMTSOLUTION_200805310437A	1.0588732594780703	0.06873823462277083	768.9826587355963	0.9650540692450066
CMTSOLUTION_200812182119A	0.8766031525127069	0.017131548245350986	1109.807479565953	0.9947308175116041
CMTSOLUTION_200805020133A	1.0855387384039408	0.045967458504087746	7440.080950470814	0.9666739671616796
CMTSOLUTION_200804241214A	0.8016761059509477	0.024232508346907496	631.5727841093476	0.9938374299561117
CMTSOLUTION_200908100406A	1.0024315980150331	0.03699546105838273	1019.6679132040499	0.9782978751645144
CMTSOLUTION_200804152259A	1.1850887706741278	0.11466222184462631	3868.780704202281	0.9351307348656942
CMTSOLUTION_201206020752A	1.6184781935982335	0.0339285864950707	65.89357316009922	-0.8106281646929633
CMTSOLUTION_201206240315A	1.4445684191763237	0.05994802558344818	517.1973848088942	0.8965576175725425
CMTSOLUTION_200810161941A	0.8085363770048241	0.007844949843225688	1176.033845768574	0.978323834285435
CMTSOLUTION_201206101244A	NOT FOUND	NOT FOUND	2529.521803556369	0.31623867002908307
CMTSOLUTION_201210012221A	1.296351092094083	0.04901312485623835	1182.8232326036873	0.969229732927614
CMTSOLUTION_201203201756A	0.9135855408476943	0.17507566641651345	29171.244411582364	-0.8403853389930577
CMTSOLUTION_201203261812A	0.8834215469405359	0.10368503996305312	52.376908463398124	0.9594997951449554
CMTSOLUTION_200801100137A	0.8865717227125838	0.07431404606560434	1371.7719088162894	0.9878824582794852
CMTSOLUTION_201210081143A	0.9775739601382456	0.13637924217323627	200.83524480677852	0.7854020815419224
CMTSOLUTION_201003282138A	0.726869368411932	0.08034858587915539	110.27774418678592	0.9932400228945726
CMTSOLUTION_201307071835A	1.2600275274069044	0.08323542788085461	1011.1109687012477	0.9418855793244633
CMTSOLUTION_201301081416A	1.3752884812530084	0.24517810644866025	1243.8322420353506	0.8166595035642904
CMTSOLUTION_201110231041A	1.8198753254097244	0.23823425140101329	52530.16223858305	-0.7245433758106973
CMTSOLUTION_200901130104A	1.4385200626743602	0.12973376312596951	82.32122533767499	0.9612550617725794
CMTSOLUTION_200806300617A	1.0625763505231551	0.06262928350067816	2586.151329098733	0.9659848723821415
CMTSOLUTION_200803151443A	1.1983091599512852	0.0424227153704647	168.5174463077214	0.8138750476086555
CMTSOLUTION_200803201410A	NOT FOUND	NOT FOUND	293.07767829926536	0.5982372171089526
CMTSOLUTION_201004240741A	1.8159903951533272	0.3194676574562838	99.35994990037068	0.8802357686128925
CMTSOLUTION_201304190305A	0.9265868951268694	0.04840067312783083	2264.57116549471	0.9447395217458651
CMTSOLUTION_201108161103A	3.157416554669271	0.16121055895259917	160.68976790323	0.7198309114529946
CMTSOLUTION_201307220701A	1.1960193457666628	0.07259421073470493	2024.686312116619	0.9883675580339231
CMTSOLUTION_200812250320A	1.4831977088642352	0.2452186420652599	168.73296822221832	0.6158654313640556
CMTSOLUTION_201108300657A	NOT FOUND	NOT FOUND	1373.8162933075143	-0.5181904376970525
CMTSOLUTION_201003151108A	0.7233027999011014	0.05328614065634038	69.2895332127659	0.988762983408651
CMTSOLUTION_201005160652A	0.6913692989397099	0.08736443209159553	19.39823451118116	0.6521746245847042
CMTSOLUTION_201111142208A	0.9192490338852738	0.08142214298985588	36.911836630754806	0.8715888316536713
CMTSOLUTION_200807080913A	0.8134861942611018	0.09865879728572609	9.996081137314288	-0.8930014505667995
CMTSOLUTION_201306020543A	1.0210791972139226	0.14623735466170235	963.302538907772	0.9730388273725303
CMTSOLUTION_201110292224A	1.4315212694267228	0.0673985509464701	28.46523026508862	0.6397397703303844
CMTSOLUTION_201011030251A	0.725747725456568	0.06182024448345334	40.77939340406053	0.8799400582459028
CMTSOLUTION_201302221201A	NOT FOUND	NOT FOUND	73.3899180209113	0.5885495366188269
CMTSOLUTION_200805071645A	1.1312119760374177	0.04191093102037162	760.4202430051639	0.9004495134725384
CMTSOLUTION_201211112215A	0.9697122146610643	0.050781190198375695	474.4436631028169	0.9693025843903161
CMTSOLUTION_201307072030A	0.5836697873541372	0.09393553709178869	6.531459462504094	0.9494565577888999
CMTSOLUTION_201104211337A	1.2904071960869747	0.06186958766931158	473.33733791166867	0.9184881674218052
CMTSOLUTION_200906050330A	1.1296468802410111	0.11866636365095372	4464.012164620963	0.9824372649414328
CMTSOLUTION_201105192015A	NOT FOUND	NOT FOUND	513.4398060842287	0.4870834918077401
CMTSOLUTION_201308211238A	0.9854234645449121	0.06260174165872508	385.9874383674342	0.8728741256950238
CMTSOLUTION_201005090559A	1.351065253427053	0.2720984830816157	9424.629165881968	0.8415432977154379
CMTSOLUTION_201102112339A	0.7641978703888112	0.03666909223696511	35.235681384099756	0.9909038149129838
CMTSOLUTION_201206230434A	2.4606261305838477	0.17633147594235093	117.5636663617779	0.8998846680263074
CMTSOLUTION_201211141902A	0.8923174054527787	0.010841681156621373	961.5692516604048	0.9971728290992499
CMTSOLUTION_200909071612A	1.7331182446390752	0.19236569683059065	293.3965626912899	0.7582120577900981
CMTSOLUTION_201307151403A	1.0228540499461518	0.16605889946224162	7166.741967610717	0.9036559283027294
CMTSOLUTION_200808281522A	1.0614292921227295	0.02467931725254208	331.89913596870997	0.8952293053929332
CMTSOLUTION_201309040232A	0.9886305989589956	0.0324670117239086	188.39155806524641	0.9776898383719191
CMTSOLUTION_200806061342A	1.0976767526695872	0.028430447369032292	56.4625285818278	-0.8955996228902201
CMTSOLUTION_201403020937A	0.9618737864253709	0.0088405420993732	1040.456344494907	0.9616167430967394
CMTSOLUTION_201102202143A	0.951515628511824	0.022549403562922146	573.4016213356572	0.9639949354038826
CMTSOLUTION_201110060039A	0.8947084617964233	0.03571388364971994	42.19420878592444	0.9332819499285108
CMTSOLUTION_200808151025A	1.4354343429630119	0.0468368149823236	439.9686864340382	0.6795692409138218
CMTSOLUTION_201309260118A	0.8289862730101503	0.05349647538993875	79.68349974074152	0.8781382903345673
CMTSOLUTION_201009261212A	NOT FOUND	NOT FOUND	82.81771840836967	0.5126511149462162
CMTSOLUTION_201001171200A	0.8951055094443311	0.006454584099608423	185.88425169985243	0.9782320029410494
CMTSOLUTION_201101290655A	0.9700485618066746	0.010916117109040578	5971.354872581827	0.9630481860843526
CMTSOLUTION_200906041725A	1.1966008369963617	0.09519427476253219	909.608616112457	0.9725768511056782
CMTSOLUTION_201108311217A	0.907789321356326	0.029336913377232616	106.65884958823611	0.9872146228673097
CMTSOLUTION_201311191332A	0.5564730205566778	0.03398207575670051	308.1041902025976	0.9774807516113628
CMTSOLUTION_201208301343A	0.9835471457341972	0.036055753588328826	9753.329051047007	0.9922328537876255
CMTSOLUTION_201103151523A	1.25692042613317	0.07644785973929549	40.14000867191274	0.9654752182103835
CMTSOLUTION_200812061055A	NOT FOUND	NOT FOUND	127.98299361283526	0.326155236048033
CMTSOLUTION_200803131328A	1.210336060768543	0.07896946401325995	242.20994760875584	0.9333666033221916
CMTSOLUTION_201012201841A	NOT FOUND	NOT FOUND	394.34141633036944	0.5385265607350023
CMTSOLUTION_201006121926A	1.3594805308727478	0.20251028249897304	18468.684297873173	0.7821791251076303
CMTSOLUTION_201208192241A	1.1126158242386766	0.0839950501619642	107.12902231353434	0.9608413110826916
CMTSOLUTION_200806132343A	1.1943315965487522	0.21422544181338263	13889.817083276273	0.905156217169056
CMTSOLUTION_200802231557A	1.4718226610217369	0.022958247168625125	158.27304768445896	0.9491103655696865
CMTSOLUTION_201003250529A	NOT FOUND	NOT FOUND	238.76005894842547	0.5846409945684385
CMTSOLUTION_200812282259A	1.7731154207528592	0.07524223192087484	23.930829701024038	0.9089197975690645
CMTSOLUTION_201107191935A	0.8046259488219932	0.02544516076415666	1338.4361464455283	0.9805017011053593
CMTSOLUTION_200901031943A	0.872513948142827	0.1249527937329086	8000.113317094669	0.9175710801038879
CMTSOLUTION_200905241617A	NOT FOUND	NOT FOUND	206.85235669069942	0.2629818828417108
CMTSOLUTION_201209140451A	0.9274593967924287	0.11359861373129279	493.8780676182154	0.7329331715237155
CMTSOLUTION_201003140057A	0.765636411388647	0.1078683932801674	378.55481763518173	0.8966783780281268
CMTSOLUTION_201106261216A	1.1140792838150468	0.07090798696664952	965.5656369754556	0.8093576809313496
CMTSOLUTION_201212101653A	1.8782563683752438	0.19213876370049127	2658.7605166263074	-0.8364649239271789
CMTSOLUTION_201109030449A	1.023965194837876	0.040629416258083015	1079.771275421855	0.9250187146579107
CMTSOLUTION_201207260533A	0.6538904024276704	0.035240373900464944	548.3480049958835	0.7527772635503172
CMTSOLUTION_201307020737A	0.8729272956469446	0.08867495438873804	630.0228447383944	0.8859694946539511
CMTSOLUTION_201003201400A	1.0646488075444493	0.15834931795906704	341.10972004674124	0.7390341050661696
CMTSOLUTION_201008151509A	1.3432553754663623	0.05115801734735482	80.30172263743471	0.9196365928127451
CMTSOLUTION_201111231924A	1.1516639700481688	0.04299286527667635	825.3307393846591	0.9685733744897157
CMTSOLUTION_201007181335A	0.8072839442457687	0.018964525275165817	11642.331778297601	0.9725801290659974
CMTSOLUTION_201109220322A	1.5244563713176795	0.10268889623050621	1002.2169881234327	0.6908860300826242
CMTSOLUTION_200801040729A	0.7823622378213829	0.0890282673235172	63.57986904779219	0.8953549282671425
CMTSOLUTION_201307060505A	0.5303610854328693	0.08044584267585136	493.57944646529813	0.7743552075547759
CMTSOLUTION_201308131543A	0.7986309291279633	0.010099347969762666	1281.7869034806636	0.9702908046730016
CMTSOLUTION_201103010053A	1.1221538971819196	0.04175725657607509	74.84670941524476	0.9800818923853761
CMTSOLUTION_201007042155A	1.7020983887330572	0.3603100354300104	1101.2379996250695	0.8345048625912285
CMTSOLUTION_201110130316A	0.7479591709668749	0.0389719991023932	197.66616917853585	0.8065514871110682
CMTSOLUTION_201302012216A	1.006278260445437	0.20656517892058407	180.83296734131744	0.9215772125714274
CMTSOLUTION_200809180141A	1.0112716817420486	0.015139345700732065	280.64048537221447	0.9361396502894188
CMTSOLUTION_201108241746A	2.635305457435993	0.06296559247193119	1081.2413543065854	-0.791409670950581
CMTSOLUTION_201208020938A	1.597401335139109	0.08367774686287556	256.2393437495051	-0.7911438686825538
CMTSOLUTION_201110180505A	0.9753485615928582	0.01617302433178274	587.40450830861	0.9836059288756185
CMTSOLUTION_201110060003A	0.8963832998207394	0.039787895684348124	498.0972825392514	0.9837137612501924
CMTSOLUTION_200810231004A	1.5823629934631491	0.018668272888262415	476.83506559899837	0.853048770278757
CMTSOLUTION_201107230434A	0.8914263390706915	0.04948932976354728	924.8063755603592	0.9559300528580268
CMTSOLUTION_201109150800A	1.2473371011429761	0.06785699980719198	1644.4362325513735	0.8894779870212491
CMTSOLUTION_200805291546A	0.8706149183359062	0.04202501087701319	8123.614588587471	0.9774492116863789
CMTSOLUTION_201101171920A	0.9202201746702003	0.05732097091568622	198.17375952086047	0.9846955168744793
CMTSOLUTION_200812172157A	NOT FOUND	NOT FOUND	62.233137796189894	-0.519242101809083
CMTSOLUTION_201112130752A	1.3504169768367922	0.16846293750212626	60.82012522291311	0.8472904027555609
CMTSOLUTION_201202140134A	NOT FOUND	NOT FOUND	195.71349790438222	-0.5919737490507271
CMTSOLUTION_201103310715A	0.7940284126756516	0.059783598235820384	528.692687607694	0.9630403872944032
CMTSOLUTION_201010251442A	0.9131863529243436	0.03755172712032819	1666.6412205147733	0.9452782804047065
CMTSOLUTION_201310011941A	0.9609494380644483	0.047537442206606016	520.5876572828664	0.9889004754960391
CMTSOLUTION_201008040715A	0.9296348691489595	0.02441264452299352	18.576309946528696	0.9269213290171061
CMTSOLUTION_200809110020A	0.9085792785862983	0.08563622963714819	19599.40480150738	0.8865926942199924
CMTSOLUTION_201303190329A	1.26599025731519	0.10973204027533924	165.40323902461935	0.9411299448920659
CMTSOLUTION_200803291730A	0.647883871749845	0.03331744750139312	785.2274700522676	0.7741810683475588
CMTSOLUTION_201205220000A	1.7202231812267483	0.37910853314997744	624.6442722836769	0.8257649428057985
CMTSOLUTION_200802121250A	1.0913239123969047	0.016497883865725933	665.5208627360028	0.9456467878295552
CMTSOLUTION_201204170350A	0.8266467208571441	0.030420021511764813	4049.37643956275	0.9720316107209624
CMTSOLUTION_201007232315A	1.6755905817120234	0.04873079717614575	62.59717020408564	-0.9662671028141542
CMTSOLUTION_200805121111A	0.8395448818392995	0.11724884139001188	16.537137429529025	0.9373456376304363
CMTSOLUTION_201103111946A	0.7358619866701296	0.04530631226189855	31.98811655738472	0.8102695444591207
CMTSOLUTION_201306151611A	1.0151367054424334	0.031140188697979982	3171.6589340303153	0.8345416380013102
CMTSOLUTION_201210170442A	1.5619257018824555	0.07297832026054576	37.52702040896028	0.9699657641416239
CMTSOLUTION_200905031621A	0.9055226125671453	0.10824135712465982	227.4419595259556	0.9581099929714548
CMTSOLUTION_201208311247A	0.8671559260003441	0.16260410908901002	9770.104757230227	0.871138595706808
CMTSOLUTION_201103151331A	1.1702382242145049	0.11282822922550323	147.17271867269002	0.9234226539199637
CMTSOLUTION_200807231526A	1.2743685572520502	0.1692290441873789	949.5492924185388	0.9234934768055134
CMTSOLUTION_201103220944A	1.5039277860267202	0.04948488526164051	311.28343158844206	0.8212360085435527
CMTSOLUTION_201108041351A	0.8919692496721423	0.05131495239080694	1212.121146500534	0.9723759611647076
CMTSOLUTION_201004112208A	0.7281223242473635	0.021496729577522217	970.5721688960898	-0.8671475059181206
CMTSOLUTION_201204021736A	0.7699413690727356	0.012107442483226202	438.78651943393197	0.9463016893116994
CMTSOLUTION_201212150449A	0.814006483645128	0.02303766353064408	224.11705290820777	0.9885317666605166
CMTSOLUTION_201104112308A	3.1025129215784557	1.0905938296752271	2939.374605029351	0.9186313809540366
CMTSOLUTION_201012020312A	0.81053985310956	0.05221950676499967	3548.936060398103	0.9785395545718198
CMTSOLUTION_201210280304A	1.1402271679997462	0.06473354698309394	22657.016870680174	0.9500223847210932
CMTSOLUTION_201008132119A	0.9229961522497744	0.0476071507072228	15494.431201941683	0.9967833670178212
CMTSOLUTION_201212110618A	0.960612865000658	0.05229469725962686	62.82471734508536	0.9126863073430169
CMTSOLUTION_200903122323A	0.8695650205863417	0.02150680420921747	804.9950140083188	0.9940416895694021
CMTSOLUTION_201111082205A	NOT FOUND	NOT FOUND	85.74156863290409	0.5610519445265016
CMTSOLUTION_201103111859A	0.7408618658477817	0.04360574313994194	34.1279958014757	0.8245836439929378
CMTSOLUTION_201005311951A	0.7090593600330679	0.12436068534668054	335.7221004383304	0.8417938534453588
CMTSOLUTION_201203271100A	1.8208173919960604	0.09725508574272773	394.2796111816781	0.8342701623349668
CMTSOLUTION_201003080232A	1.813847855110721	0.03203983040915359	2021.6456675629513	0.816520378031183
CMTSOLUTION_201302012218A	1.0053602946281084	0.18964590769072037	212.98094762649606	0.9029425371272333
CMTSOLUTION_200902170528A	1.2625368132672956	0.05317547383221157	8.94386373373291	-0.9596390490017894
CMTSOLUTION_201305190907A	0.8625848989649243	0.04795223412981799	491.3086403448357	0.9750246202003152
CMTSOLUTION_201008221023A	NOT FOUND	NOT FOUND	195.78053557924824	0.3339636186517955
CMTSOLUTION_201005031027A	1.1158192157029592	0.32699599421782805	104.09698506211892	0.6385606137039167
CMTSOLUTION_201103101708A	1.3686016747894316	0.2328425563075147	295.13055746287716	-0.9036079678526862
CMTSOLUTION_201209252345A	0.9415160419759464	0.06894949028861681	1563.0327686238934	0.9884674245761436
CMTSOLUTION_201204210125A	1.3151293632106038	0.019693403052097012	500.6526329147848	0.9706404667493025
CMTSOLUTION_201010080349A	0.919836656716931	0.054722483116366044	1202.29228575261	0.9586408900263497
CMTSOLUTION_200904210526A	0.9582122474733685	0.05138065075413707	161.44429702837238	0.9702555409955149
CMTSOLUTION_201110210802A	0.676401801121585	0.11997928393957555	127.20977056197998	0.9320738670860804
CMTSOLUTION_201112110147A	0.9148627764819454	0.05681593840337778	696.4093628411277	0.9879824581854078
CMTSOLUTION_200907300737A	0.8233710779726213	0.1518620846310873	31.632655003609297	0.7901877826541063
CMTSOLUTION_201304162255A	0.8848549962275329	0.05761821833084687	1097.974427272991	0.9745444954318616
CMTSOLUTION_201102151333A	0.7912929397829198	0.121971321820659	96.38201901314694	0.9456463275834902
CMTSOLUTION_201103111902A	0.7326045194331499	0.039078088747920105	47.0151617118848	0.8384779064018714
CMTSOLUTION_201111300027A	1.7790708367220067	0.08069169097885144	190.22455530535038	0.8969767551489556
CMTSOLUTION_201006160358A	1.401261473104678	0.1494873315705913	537.7227545473361	0.7990525657944859
CMTSOLUTION_201001051311A	0.6497451340771468	0.0331007524723689	70.91598337884271	0.9772499819164562
CMTSOLUTION_200901081921A	0.8597352884304105	0.08115442080359479	906.967832611635	0.99551239145211
CMTSOLUTION_200812190831A	0.9905711607253525	0.03132607227907444	882.858310191996	0.9755817056697019
CMTSOLUTION_201305180548A	0.9548937196940819	0.04109920596530411	48.568877920869134	0.971049256200062
CMTSOLUTION_201107241851A	0.9713142148527594	0.03570467050831614	1975.6318169354986	0.9943184362515918
CMTSOLUTION_201301302303A	1.013975628318478	0.15365979697691132	8.349701517479273	0.7776980794221612
CMTSOLUTION_201212141036A	0.8054545720361685	0.028719543857195506	1123.695260589183	0.9619815130207526
CMTSOLUTION_200901032233A	0.9284702949907262	0.037015470505955037	8.729318598868582	0.9397501375397369
CMTSOLUTION_201304220116A	0.9502007612245397	0.04654173618144531	665.0292230925788	0.9969213622594504
CMTSOLUTION_201202260617A	1.218175120167935	0.08294643173636383	4672.266227814477	0.9681199462188447
CMTSOLUTION_201401250514A	1.4850510234395593	0.031035199694377777	156.88430562871525	0.9053210322985851
CMTSOLUTION_201207282004A	0.8228769393516134	0.048937431503171855	1948.4822861846792	0.9756428333379149
CMTSOLUTION_201306131647A	1.9815283774484793	0.06277787685360679	782.8645524030198	0.9560476707558928
CMTSOLUTION_200803142232A	0.9419234455641229	0.010654852111147696	292.69712047217996	0.770093821833932
CMTSOLUTION_201012130114A	0.9831674909532048	0.11386139782542694	108.56816113640336	0.9223480819748583
CMTSOLUTION_200807282140A	0.8291176975841483	0.14527387061627653	308.75540326871544	0.8798721114451397
CMTSOLUTION_201207081133A	1.3082380233476483	0.16361213450332776	334.49530876900485	0.9604064892252575
CMTSOLUTION_201001181556A	1.0951538815806678	0.046813152718057506	299.7125077664085	0.7366009870668517
CMTSOLUTION_200907120612A	1.6996089696846743	0.06318669573702083	146.99151395211305	-0.7430292306491042
CMTSOLUTION_201111140405A	0.9165320962141488	0.05479891109064186	531.4631743781007	0.9258124723325245
CMTSOLUTION_201201270133A	0.7936481418604928	0.04434954901146367	317.6581808326313	0.9355528269767707
CMTSOLUTION_201104011329A	0.9329780151118865	0.10219089835441561	33.54376702931708	0.6981995533490913
CMTSOLUTION_201211130431A	0.695767308496273	0.05284605594620044	566.6125302810206	0.9938876431265335
CMTSOLUTION_200802211416A	0.8366413675453722	0.05019823722799391	512.6849728569008	0.9751061234771142
CMTSOLUTION_200802251806A	0.7807021346070748	0.10885177102294298	907.3336474393425	0.9749227925281756
CMTSOLUTION_201004302311A	0.9414102703943735	0.054340572311564916	5835.47969727284	0.9488384530282764
CMTSOLUTION_201104032006A	1.1227185506412538	0.14894519721228108	1518.951151110493	0.9002392066174222
CMTSOLUTION_200901222016A	1.160517576417981	0.07834337263115257	58.34171799062925	0.8076009139756876
CMTSOLUTION_201001090551A	NOT FOUND	NOT FOUND	31.414469564196082	-0.050746432298721764
CMTSOLUTION_201210281854A	0.897353642058846	0.04457042693170039	3387.5099718171896	0.9654012035130352
CMTSOLUTION_201208020956A	0.8431597245888269	0.0382905061736143	343.6337413010648	0.9957503579373004
CMTSOLUTION_201208111234A	0.9532147044930241	0.13029753334271485	4125.947738760053	0.6804794073160203
CMTSOLUTION_201310300251A	0.7277310770602844	0.05411211006398794	1257.7152100088997	0.9934068620119709
CMTSOLUTION_201305210155A	1.1056138718070911	0.058541248917997626	434.0985795734551	0.958053284646226
CMTSOLUTION_201305110208A	1.4022109546011792	0.07921745110760026	1100.6052624898728	0.8473346353284141
CMTSOLUTION_201401261355A	NOT FOUND	NOT FOUND	1971.3326774821776	0.3434891452040193
CMTSOLUTION_201107250050A	0.9467245171802017	0.00853672378612228	2122.4196132116867	0.9931641454665644
CMTSOLUTION_200805250821A	0.5491718960558448	0.09136569244710127	1472.542725209532	0.8548431150371097
CMTSOLUTION_201002012228A	0.760987833755833	0.030433447899548497	494.1546665597725	0.9895627228108753
CMTSOLUTION_200901062248A	0.7447773216344143	0.019014441288816766	87.37176477620922	0.8931622818814882
CMTSOLUTION_201209120327A	1.1063863640114444	0.08721413503143767	147.36255736237348	0.8229354851083305
CMTSOLUTION_201206292107A	1.021903427470056	0.22848614527758945	2466.539433204155	0.7483056167510637
CMTSOLUTION_201101122132A	1.2370513563053915	0.04202865333672581	205.32263418720066	0.9762750552068052
CMTSOLUTION_201211110112A	1.543269135545784	0.18629258460299583	1635.976571662449	0.9009734334777133
CMTSOLUTION_201111221848A	NOT FOUND	NOT FOUND	175.61394146745434	-0.5545809190532042
CMTSOLUTION_200904281954A	1.164602461653776	0.18513563038465056	189.32195226688458	0.9647327051999242
CMTSOLUTION_201001020845A	0.9196636712837908	0.0331310290661074	504.3110837137923	0.9970044511116495
CMTSOLUTION_200809101100A	0.6482127261206717	0.02644193118490027	19323.48754607953	-0.8921155253989571
CMTSOLUTION_200904152001A	0.6468682035802787	0.1239211157646498	131.11596361134582	0.9560655226187127
CMTSOLUTION_201204061615A	0.6894255916043496	0.025244524807433395	113.67192715762143	-0.9747595675387485
CMTSOLUTION_201104071432A	1.0411893045110912	0.026151543469194752	132.23264278227367	0.9716146964088753
CMTSOLUTION_201012211719A	1.4760070176959301	0.0856875151329195	9218.875095965792	0.9176671100147085
CMTSOLUTION_201007232208A	1.6676068880681367	0.051088696633882255	5452.268306491596	-0.9671006884112666
CMTSOLUTION_201001051215A	0.6317765720811839	0.03169104305600211	1775.382361113242	0.976951812536735
CMTSOLUTION_201110270804A	0.9258985065365215	0.028860566403728357	33.47618855531111	0.6078571213322498
CMTSOLUTION_200902151004A	1.6968266498624143	0.21796578145071327	172.4133493457984	-0.9347307864601085
CMTSOLUTION_201111011232A	0.8603630296628322	0.026256283935633798	693.4545965056193	0.97277928710539
CMTSOLUTION_200803222124A	1.0668859523460918	0.12399302075268258	197.57814877735734	0.9713452937053707
CMTSOLUTION_201311220651A	1.1555155478032468	0.11500213546302127	173.82683351564674	0.8796787326876268
CMTSOLUTION_201007161853A	NOT FOUND	NOT FOUND	132.78808526235144	0.0974913085859135
CMTSOLUTION_201103140612A	1.4299072702763225	0.08458420795599086	463.2206162505531	0.9248937218890496
CMTSOLUTION_200801051144A	0.9157823189965483	0.08659879835606395	204.19332015789104	0.9372094145649524
CMTSOLUTION_200803031349A	1.0359640822960925	0.1624511219436792	470.60708199411556	0.8664256487134594
CMTSOLUTION_201304061126A	1.145593153273425	0.07818098063156184	101.67532228705468	0.7304861469456229
CMTSOLUTION_201102101441A	0.9421620703254127	0.07679814777332031	56.068872321388426	-0.6280769622667204
CMTSOLUTION_200807190927A	0.9107633254336782	0.10107428228670617	717.6939833923007	0.9525967058764626
CMTSOLUTION_200812130827A	1.5944412878927596	0.09899735918528216	73.88983561948358	0.7988277553697216
CMTSOLUTION_200911280604A	1.102451205731726	0.1317950059318869	155.04973242290026	0.9675587180319962
CMTSOLUTION_201010080326A	0.9173341219053907	0.055401012390695364	1198.9102987811734	0.9296733076496148
CMTSOLUTION_201309161501A	2.0496365178577256	0.17910601353367844	132.26916630779428	0.6497395605723402
CMTSOLUTION_201106210204A	1.023569226534329	0.08610962106418622	261.7273866105321	0.9222104601590373
CMTSOLUTION_201210252305A	NOT FOUND	NOT FOUND	287.3291045717829	0.5751536883691145
CMTSOLUTION_201302160437A	1.7453243050587604	0.2192137775857475	98.09385511174179	0.6858732587433597
CMTSOLUTION_201302060635A	1.0982676046420297	0.08146056176457007	19.870740806185747	0.8071996719237372
CMTSOLUTION_201209081051A	0.9272735879901741	0.17792666929044626	195.18131987378803	0.7309795631863593
CMTSOLUTION_200809110000A	0.9263206459921894	0.07054960133354864	27006.975819244668	0.8910359336480209
CMTSOLUTION_200802210246A	1.0159898355236017	0.06591614409640643	1911.438242342984	0.9817747523175893
CMTSOLUTION_200802080938A	1.049017450565713	0.020776864555907847	9224.216685439833	0.9804412388874336
CMTSOLUTION_201006300722A	0.8030157360045111	0.06784193838032392	259.7457730880273	0.9940501293433657
CMTSOLUTION_201212070818B	1.409639199675154	0.1189533334363375	24874.634749584497	0.8469958695386123
CMTSOLUTION_201103170413A	1.411540709084106	0.10620160983129973	53.28416386838251	0.9489481826349053
CMTSOLUTION_201103091816A	0.9629922697620881	0.09337123263437119	164.6012611038717	0.7170531733015748
CMTSOLUTION_201205180200A	0.9755694173577952	0.008495848745604702	1348.23792171854	0.9764714937264221
CMTSOLUTION_201301050858A	0.8076935294089614	0.01739032921169375	250020.17522861203	0.9918130948830118
CMTSOLUTION_201104131957A	1.6184061072259859	0.10809303157086395	2277.670579085811	0.7710815149863174
CMTSOLUTION_200908160738A	DiffNPTS	DiffNPTS	DiffDelta	DiffNPTS
CMTSOLUTION_201201211847A	0.9013885187354197	0.030055504622983936	570.9537800332487	0.9817977529480952
CMTSOLUTION_200904181917A	0.8958430538252296	0.0697519549754665	1452.883385830663	0.945791391738651
CMTSOLUTION_201209301631A	NOT FOUND	NOT FOUND	3049.509967661351	-0.5801262564653298
CMTSOLUTION_200901221340A	0.8602905174918416	0.07236811259238433	230.31202288921125	0.9783925540779476
CMTSOLUTION_201103110546A	3.2507795927523158	0.2250690596091845	239258.68936014228	0.8353377728755849
CMTSOLUTION_201302060154A	0.852558209784494	0.08568594590733573	95.43690012514702	0.9771876139220484
CMTSOLUTION_201211150920A	0.9161818773897932	0.05551306216052309	87.08849443219128	0.725583446672253
CMTSOLUTION_201309210139A	1.4118833784311264	0.004251353531542147	27.635599295819496	0.6097823294613496
CMTSOLUTION_201008031208A	1.0994627416339615	0.19736263105864735	610.8900718019362	0.9730560904545719
CMTSOLUTION_200912240023A	NOT FOUND	NOT FOUND	213.78988180676015	0.2744525819214411
CMTSOLUTION_201205031009A	1.213440330803183	0.18296512457706446	68.60285943854967	0.8457758519058366
CMTSOLUTION_201209051442A	0.9329814176276746	0.026249821722942535	7965.953866508009	0.9872380527605908
CMTSOLUTION_201106201635A	0.9957744652023095	0.046624123364470124	659.8683996193256	0.9306821009984111
CMTSOLUTION_201002060444A	0.8304193283931017	0.08118992483203491	328.84674483078464	0.9879414597385879
CMTSOLUTION_201104230416A	1.0812849537328773	0.035661698493451174	3923.7617427787595	0.8058574884996981
CMTSOLUTION_201107202204A	0.765777185113002	0.09165638607978704	220.33185367344333	0.8816870859241462
CMTSOLUTION_201003140808A	0.858039593017593	0.008520982892880532	4807.962591151333	0.998354585968301
CMTSOLUTION_201108190536A	1.0128372286667096	0.03910476950054556	102.7651693057643	0.9282075849423324
CMTSOLUTION_201211101457A	1.5579023047013056	0.6058966957208025	24.186982728982585	-0.622144303843838
CMTSOLUTION_201012231400A	0.9682739929365198	0.015208034140965904	1592.4007137097733	0.9744942651862712
CMTSOLUTION_201208270437A	0.8865062033874315	0.050387431340282104	7224.594547231186	0.961431287677965
CMTSOLUTION_201205031520A	NOT FOUND	NOT FOUND	62.05359546530181	0.42914274975147204
CMTSOLUTION_201004110940A	0.7571921480601496	0.051303515308556855	3151.8986722652553	0.9704235485540474
CMTSOLUTION_201008201756A	0.8129448858337699	0.01976721995779744	137.41808622346866	0.9561844651702999
CMTSOLUTION_201309251642A	0.8543242354714624	0.030351575721306593	3206.526389718284	0.9851428120852421
CMTSOLUTION_201211021817A	1.0410320708437182	0.11319298708786449	252.7032682210775	0.9328576206494799
CMTSOLUTION_201103151327A	1.13869121997755	0.09230170628698699	89.52332513491422	0.9440875589363953
CMTSOLUTION_200904161457A	1.3727397384503188	0.11502192246473257	1885.0324334461593	0.9922396409290044
CMTSOLUTION_201007101143A	0.9577515967360798	0.10723927100463294	617.6938240339905	0.945555878231244
CMTSOLUTION_201201151340A	1.1006680901720964	0.0874490420563333	802.4001106522212	0.976391902101355
CMTSOLUTION_200809031125A	0.9899265653309289	0.09473511504936047	58.869846932068235	0.7742806034805939
CMTSOLUTION_201012222149A	2.129501444736493	0.23822553823649287	283.73215514533734	0.7309635844579295
CMTSOLUTION_200802252102A	0.9921100443278583	0.07532432588749897	52.99673695540469	0.9201387635481663
CMTSOLUTION_201309011152A	0.7516548585472159	0.0438400006708912	367.512690838353	0.7392480811075266
CMTSOLUTION_201101190917A	0.829119067300933	0.01138266874044698	186.98020515465134	0.9515487105520695
CMTSOLUTION_201309241129A	2.388808871331895	0.21582982069703469	198146.06634119776	0.8322141707999183
CMTSOLUTION_201103272223A	1.0958385491881653	0.09947683888082935	1294.7129757861703	0.8605008996149647
CMTSOLUTION_201303011253A	0.9780603509813947	0.04153804428042887	4651.833589919914	0.9806784969148277
CMTSOLUTION_201006260530A	0.9046605318986385	0.12615256570009659	5217.7150525506195	0.9477612649906687
CMTSOLUTION_201111170157A	0.6985431750357135	0.09818169714429335	282.47612439627216	0.9008430453910178
CMTSOLUTION_201107251757A	0.7501267811037161	0.1359298384496541	172.60964835870226	0.8883613623634702
CMTSOLUTION_201402030308A	NOT FOUND	NOT FOUND	3582.23312336868	0.4489722979427263
CMTSOLUTION_201004172315A	0.8652090405062106	0.03742150843198256	417.54869664421113	0.9783376046757556
CMTSOLUTION_200912260857A	1.7057451962717576	0.1544554512850158	53.25287623203439	0.7857974599332238
CMTSOLUTION_201109051755A	0.616304417557345	0.08528107648015003	410.93960773781805	0.9019223739671584
CMTSOLUTION_200802141208A	0.7403759383707641	0.034003036998860245	35.7331645967077	0.6689355623416399
CMTSOLUTION_200801091440A	1.072623551225635	0.09617081048565759	592.6792109974332	0.8520022333555796
CMTSOLUTION_200804281557A	1.2886664701755135	0.15781391296566627	125.98964963229696	0.946867050195506
CMTSOLUTION_200906140558A	1.24535862868541	0.18192445207600327	367.43733201157784	0.8944608154888702
CMTSOLUTION_201103241355A	1.385074175971121	0.3107464769852374	8705.250439879926	0.7799529972555608
CMTSOLUTION_201211122042A	0.94183045071239	0.11581884571454155	1413.9722532790502	0.9489905263619423
CMTSOLUTION_201112110954A	0.9857325614933462	0.044874120417091545	67.44360421296223	0.9652672039760962
CMTSOLUTION_201309032019A	1.1626106046145235	0.07045153189140507	2497.2590869921287	0.9400490678636358
CMTSOLUTION_201309111244A	0.9361308303292951	0.03163310527392986	112.6825914122229	0.9467132407033028
CMTSOLUTION_200910041058A	0.6210751056736792	0.09774055648150523	77.17425061524085	-0.8832326456167211
CMTSOLUTION_200810051552A	1.064427021981663	0.0818563826695624	4775.430942095269	0.9938280938646722
CMTSOLUTION_201304011853A	1.7048456153059455	0.32629205583501947	688.0587315310935	0.8815974017370661
CMTSOLUTION_200909072241A	0.7285421989125683	0.01821397891467721	1164.3045595865078	0.8782027380089085
CMTSOLUTION_201205200719A	1.52436956592158	0.12359024309152278	1543.0552417081792	0.8271342555716849
CMTSOLUTION_201308171632A	0.9848078056841465	0.08364320745267115	564.1512156171837	0.9545185964865402
CMTSOLUTION_201010041328A	0.843605886598285	0.14401565054224685	297.7378965991199	0.9540637726443092
CMTSOLUTION_201101240245A	0.8536336548037327	0.1268656590650977	24.51954115347875	0.9236571463919443
CMTSOLUTION_200807150326A	1.0673079346523406	0.021635878600142364	3962.4346729029894	0.9319836853533361
CMTSOLUTION_201103061432A	1.0103021880685772	0.019693683504304414	132.02279055658778	0.953713719441074
CMTSOLUTION_201310062133A	0.7379360109891696	0.054092879117032144	110.04748963332685	0.9687759891548811
CMTSOLUTION_201012080524A	0.774208171683848	0.08238153427321689	310.4869771666995	0.938347875851978
CMTSOLUTION_201112012135A	0.8451865407267777	0.04293716447353434	48.58406385732129	0.9573817106345573
CMTSOLUTION_200802161445A	1.0069780373256978	0.09513269564815248	132.58926258620716	0.9945544614090011
CMTSOLUTION_201103110615A	3.4156850370243936	0.2949081128331725	145780.24500461027	0.7705420268140533
CMTSOLUTION_200808050949A	1.0165489940550048	0.17930928166785634	473.9326580998686	0.6327369066716042
CMTSOLUTION_201211080201A	0.9095107177887686	0.05441068603569892	782.753120777636	0.952980732244372
CMTSOLUTION_201205012243A	0.8434089567380617	0.062162852789814455	436.3818469812451	0.9842408503066297
CMTSOLUTION_201103092124B	1.2740657700559443	0.027178672177292352	566.3501688023532	0.8231374156296293
CMTSOLUTION_200908200635A	1.0524217828969922	0.023702043701558755	1259.7000523786846	0.9662107290446309
CMTSOLUTION_200812201029A	2.867576985512847	0.4146503083078748	1784.0529340925796	0.9342492731040428
CMTSOLUTION_201310241925A	1.117376000337632	0.010105913074039805	41.02681497188355	0.9624924246608184
CMTSOLUTION_201103291054A	0.9832359188357314	0.08030071713966773	2478.032683148581	0.9782128366640823
CMTSOLUTION_200801221714A	0.940558957069756	0.02529034467917153	343.87358985148666	0.9181375389585739
CMTSOLUTION_201107301853A	0.9735663817454385	0.1648094274675216	730.361367093165	0.8232622505386711
CMTSOLUTION_200806271140A	1.007358677689455	0.041897183770373526	1915.8360916806723	0.644962056528335
CMTSOLUTION_201304091152A	1.5399710021045405	0.25486523517693743	2110.425652790821	0.8639280076240569
CMTSOLUTION_201003301654A	1.5931720231337556	0.010915106078528284	1119.8835898657721	0.9936224441296114
CMTSOLUTION_200912191302A	1.6251197346368773	0.30244897161002027	3334.6365392592406	0.9736004474545238
CMTSOLUTION_200904251718A	0.8199987863970203	0.018384322316245996	30.00955106318735	0.9503108674034179
CMTSOLUTION_201305200949A	0.9738507275999876	0.05255542299243889	577.5421877820045	0.9664713590727233
CMTSOLUTION_200802091833A	1.0483389688879678	0.09997144976717844	246.71785430547465	0.9659990788821549
CMTSOLUTION_201006160316A	1.3957604855684103	0.1521106081428377	2797.2663446681363	0.8334929717008596
CMTSOLUTION_201201231604A	0.8237491220816888	0.03687706841336992	964.524273046708	0.9912005548838208
CMTSOLUTION_201109161926A	1.4994689926294584	0.11841879897906572	2567.6219564611665	0.9733800127747548
CMTSOLUTION_200902111825A	1.0454980323334928	0.19309678026332217	96.19990617914317	0.9370110676923339
CMTSOLUTION_201105111647A	2.204486187538698	0.24561784701652287	112.39055870270764	-0.85064991675664
CMTSOLUTION_201011300324A	0.7997982024528724	0.08942815480407575	285.6272325841764	0.7313604575824894
CMTSOLUTION_200801202026A	1.617319523094142	0.221405677143549	76.24844356928858	0.9097507987383144
CMTSOLUTION_201201260424A	0.9349429330487704	0.07388858701287973	190.86450983854877	0.8960448524130011
CMTSOLUTION_201103110625A	0.5710267257606365	0.01964950511722201	127.64986383226193	0.7818958651012271
CMTSOLUTION_201308120053A	0.791723515668656	0.023876274786006485	67.71648164804262	0.7482105501786295
CMTSOLUTION_201303252302A	0.821671519476594	0.05898371099114804	158.34950951089118	0.7672371086766451
CMTSOLUTION_200802241446A	0.6911846856073209	0.041350940670998836	250.6184779818695	0.9026874361503466
CMTSOLUTION_200801011855A	0.7294278993464175	0.030171025545625126	709.4056990585477	0.9760889328796225
CMTSOLUTION_200904170208A	0.9029201523100976	0.04503011759089585	306.38554219380853	0.9719156818058311
CMTSOLUTION_201004140125A	1.4470685127260952	0.15088454462494022	5.121460367917569	0.7924610675292361
CMTSOLUTION_201207251120A	0.5789330239155422	0.0483951988210805	1877.2812808608612	0.9292571454812505
CMTSOLUTION_201008041258A	1.0645022449372517	0.02102022228533132	986.0717900291652	0.970750141536932
CMTSOLUTION_200811190611A	1.1169969716637642	0.07839468365374386	676.9449447015709	0.9692198740609753
CMTSOLUTION_200808220747A	NOT FOUND	NOT FOUND	128.1090806752497	0.591068185517872
CMTSOLUTION_201103092124A	1.3687502931013993	0.07015797000216695	637.4441651952882	0.9085912759688686
CMTSOLUTION_201010080543A	1.2957868473150258	0.04154162053771565	4.9204394061245615	0.8405033457084529
CMTSOLUTION_201309170409A	0.8501261838767253	0.0660794892983204	92.61542124892685	0.9870444053325275
CMTSOLUTION_201005051629A	0.8820779088670376	0.10399204010322162	1260.5951929850999	0.9113438268434864
CMTSOLUTION_201203141205A	NOT FOUND	NOT FOUND	5.825394024546897	0.5859289262072844
CMTSOLUTION_201007240535A	1.8518994778830966	0.14444118401796124	59.77437740939043	-0.9397350848842456
CMTSOLUTION_201307170237A	0.7009173316793532	0.09025497863083434	399.22785895963904	0.9617485566292838
CMTSOLUTION_201203201802A	0.7822025466444291	0.02626437937954498	31168.732071438564	0.9701203962729974
CMTSOLUTION_201204120715A	0.6911077080183354	0.01673710767863552	15938.743976351965	0.9737240328037088
CMTSOLUTION_201212231331A	0.9819385908430286	0.10299827925895273	591.5518932861685	0.9699170155841793
CMTSOLUTION_200909062149A	1.2298670863531762	0.041270455642923996	817.7606572934872	0.7404834084986714
CMTSOLUTION_201208151749A	1.1607550232301431	0.02474046189067752	24.957627896408013	-0.7504473970095535
CMTSOLUTION_201302021417A	1.1407056545651177	0.24428464471081723	707.8917181747534	0.9031263812575863
CMTSOLUTION_200802200808A	1.0319251198601966	0.12267129809999024	9394.018605247318	0.8527575027450289
CMTSOLUTION_201110052352A	0.8988629592394287	0.04289924163641679	529.2748991580143	0.9830450693010634
CMTSOLUTION_201104110816A	2.4252375313309376	0.0768276854290297	2839.491670999236	0.8954737241503528
CMTSOLUTION_201103121315A	1.0868188738097255	0.12384994636554067	98.3312045750269	0.901501233052545
CMTSOLUTION_200811210705A	1.1578976058510457	0.13814405816588513	56.733581506556646	0.9612333081443346
CMTSOLUTION_201311250627B	0.7574228539661766	0.002522204882855905	1573.1720801083127	0.9489424988653531
CMTSOLUTION_201311170904A	1.1604824982531663	0.017649009502935867	33719.543946961145	0.9980607790185578
CMTSOLUTION_201403022011A	1.153336098969838	0.05994029070615832	552.355795302906	0.7088689031478307
CMTSOLUTION_201304300625A	0.7605253347053424	0.0346552989815544	554.2379586901059	0.9860477601873675
CMTSOLUTION_201310060137A	0.8706722930558163	0.00625185643365766	105.5963086667225	0.9646321325625808
CMTSOLUTION_200901151749A	0.8095565758773692	0.0969490511383506	22921.563808135794	0.9747201181772576
CMTSOLUTION_201102251307A	0.9402826552372678	0.07208453548578625	73.78709517659345	0.838421948065938
CMTSOLUTION_201305210543A	0.9991725446669137	0.17259742631277503	54.270610395508164	0.9360124406662442
CMTSOLUTION_200808251322A	0.661271585223587	0.07401021270377503	959.2426031698053	0.9335821352063514
CMTSOLUTION_200902121315A	1.1035900585324008	0.19622321737993526	383.01064724423344	0.9527731478570641
CMTSOLUTION_201110140335A	0.908870195495538	0.0834069965033651	2114.455212139501	0.841806982967779
CMTSOLUTION_201108222012A	1.1134375891574295	0.07839868345143144	220.93156444111958	0.9017273787328218
CMTSOLUTION_201109162108A	1.399655602186574	0.040112002456646104	6.5646714000170885	0.8510865919852427
CMTSOLUTION_200810111040A	0.9346999390141372	0.028164860953859627	40.452590575384946	0.952581824257723
CMTSOLUTION_201104300819A	0.9146039766196493	0.015387667325300327	78.69990309208416	0.8998975461565341
CMTSOLUTION_201207091355A	NOT FOUND	NOT FOUND	140.0588422327711	0.3838997614237552
CMTSOLUTION_200904190523A	0.8881662536085394	0.10992986273249762	48.25687139150987	0.9401095994180869
CMTSOLUTION_201008140730A	0.9148142382541324	0.03199549095986085	1594.620419104487	0.9807380534404269
CMTSOLUTION_201104231012A	0.9821531395507682	0.08767645469031299	431.3258011003795	0.9350983451854449
CMTSOLUTION_200809250147A	0.8137263623510445	0.07428883060287554	628.3766465551462	0.971759719283833
CMTSOLUTION_200806292053A	NOT FOUND	NOT FOUND	8.956496714962999	0.427619965890531
CMTSOLUTION_201101270838A	NOT FOUND	NOT FOUND	1787.9889481461273	0.5154840320536107
CMTSOLUTION_200801300732A	1.21711319402508	0.25213836969477127	165.2892136008666	0.6946082486454644
CMTSOLUTION_200906200828A	NOT FOUND	NOT FOUND	57.882669629155586	0.4584042564889648
CMTSOLUTION_201203261035A	2.0889880441565403	0.2675225165490299	15.536239292763861	-0.942077835090082
CMTSOLUTION_201110251455A	1.2760636155412242	0.0551838995045681	311.02028945596646	0.6772655110143277
CMTSOLUTION_200911281810A	1.209263040299518	0.051672276845741015	166.90477825985047	0.9400885384220519
CMTSOLUTION_201204112241A	0.7114288324765424	0.03660816631742885	1805.6663006747626	0.959960094494674
CMTSOLUTION_201309070013A	1.0242449539365932	0.11546680510138198	1227.3961918552	0.976519162056968
CMTSOLUTION_201310010338A	3.3740475798123395	0.11114735959630526	1166.8413221626456	-0.8502438481814597
CMTSOLUTION_201003040159A	0.7352497971859641	0.12762856613259183	8.685342651484868	-0.968328692773779
CMTSOLUTION_200806010157A	0.7393560856117708	0.05585704032079206	295.2142423818017	0.9163322253764672
CMTSOLUTION_201307081530A	1.2005308605880103	0.0967298206942669	24.846711391838596	0.8864818971414563
CMTSOLUTION_201210080626A	0.8635393864548653	0.03321858929208991	497.71640530904085	0.9923080229848764
CMTSOLUTION_200909122006A	0.8101057985509218	0.04885866878068513	2368.314649331862	0.9596623832926093
CMTSOLUTION_201009090728A	0.7578389827663248	0.058931537981145386	403.65321241533644	0.9966353297697104
CMTSOLUTION_201201300511A	0.780567042406651	0.08480444624694548	561.1796233336343	0.9606959464442358
CMTSOLUTION_201311132345A	1.166012893095523	0.059396986909571646	184.04454206621375	0.9356979094640189
CMTSOLUTION_201007290731A	2.0429415448416925	0.10169024997555799	223.61618669489826	-0.8496690035129371
CMTSOLUTION_201312010124A	0.9252957971150952	0.20085361192083837	497.15060377622234	-0.6679837147796872
CMTSOLUTION_201211070626A	1.299986966389803	0.2536687103480381	179.0265097059727	0.6306106768409181
CMTSOLUTION_201103070009A	1.0201709087079838	0.02042808900409353	1915.5104624710095	0.9946619405501416
CMTSOLUTION_201002050659A	1.1181692424026617	0.31033825451298375	287.02382573934153	0.7187878394400335
CMTSOLUTION_201302060112A	0.8458876363792266	0.09131422249991206	1044.9441849815914	0.9882819206481038
CMTSOLUTION_201202140819A	0.9791565435932741	0.027191803962786268	96.73352558823717	0.9833830898333994
CMTSOLUTION_201111241025A	1.0699672823594861	0.051409794881027475	1070.9899762240298	0.9977968520935518
CMTSOLUTION_200802041701A	0.719129342296296	0.07927384800418864	699.5213213201122	0.7968800573701179
CMTSOLUTION_201102112005A	0.796188459497839	0.027423525593428283	7536.061040127194	0.994064677685605
CMTSOLUTION_201311241805A	1.5113023165680386	0.03333476892215505	112.52909803944644	0.7916301372581146
CMTSOLUTION_201212230638A	Error	Error	Error	Error
CMTSOLUTION_201007210916A	1.5715550464969847	0.1567198288145839	112.49055843526548	0.8533878694758169
CMTSOLUTION_200909210853A	0.728443393823789	0.10597494863178053	641.2631342768573	0.9389165520266277
CMTSOLUTION_201206072054A	NOT FOUND	NOT FOUND	82.08618334065895	0.22197273801442463
CMTSOLUTION_200902221745A	0.8453111234960436	0.08711536535556728	386.8056560802287	0.7696593621808084
CMTSOLUTION_201203142113A	1.0189086632231314	0.008862010564601636	682.9937769193191	0.973108646318455
CMTSOLUTION_201304232314A	1.1929702453791025	0.18164504337866202	671.3130307641028	0.9765556512098997
CMTSOLUTION_201206051931A	1.0293337677245917	0.13462694173073075	2187.64961633045	0.7865521579113095
CMTSOLUTION_201205242247A	0.9656551282499306	0.01726928277720486	5166.908186918428	0.9886021425346543
CMTSOLUTION_201309040018A	1.4859001251568795	0.07594460003831241	274.76207516452973	-0.8272425607533321
CMTSOLUTION_200807190239A	2.7753290669457753	0.20692964286885543	20568.760481719433	0.8560273497192958
CMTSOLUTION_201106160003A	0.9948140724471938	0.026017208615282287	4535.729143252119	0.9901382657435257
CMTSOLUTION_200806081225A	1.118904334089015	0.14326948196054182	3185.7123625672275	0.6198975419300363
CMTSOLUTION_201111080259A	1.461073578536331	0.14177400731824083	3188.6231506097643	0.9441708458617399
CMTSOLUTION_200810291132A	NOT FOUND	NOT FOUND	2577.4581836453135	0.5937964336773778
CMTSOLUTION_201101182023A	0.7804623156142904	0.03340803825745115	14428.613537800305	0.8157929756774704
CMTSOLUTION_201308310638A	0.90783745862678	0.008827501177671157	393.5556083965382	0.9310743737097643
CMTSOLUTION_201009171921A	0.9744053552459441	0.09230835719028478	240.11336730702754	0.8088062576369316
CMTSOLUTION_200908091055A	1.3155023458213224	0.006545812534424502	1696.2075687933304	0.9645168047291844
CMTSOLUTION_201106131431A	NOT FOUND	NOT FOUND	331.21663533710944	0.547680371847143
CMTSOLUTION_201011230901A	0.6403469908975155	0.05649336893721301	252.28145772565142	0.9906951253796105
CMTSOLUTION_201203050746A	NOT FOUND	NOT FOUND	11.620797698355164	-0.4884484244325746
CMTSOLUTION_201004062215A	0.9192275778743811	0.046927979843773504	32106.221471154426	0.987510247274919
CMTSOLUTION_201111281226A	0.8244845272829413	0.03560967941202973	322.2731322145264	0.9933214322294545
CMTSOLUTION_201303011320A	0.9760026060401585	0.03900276713799044	3992.210071456295	0.9431777114634218
CMTSOLUTION_201105080650A	1.0401480208868379	0.017958078058848567	211.71470531239748	0.9107220095425483
CMTSOLUTION_200804160554A	1.294424514801607	0.0526050230039093	1491.0532207563601	0.8795559611520165
CMTSOLUTION_201003042239A	0.9673271991192232	0.04576106371904959	528.5822628231439	0.9875404450823858
CMTSOLUTION_200912171455A	1.0694276871129609	0.030445675645231932	57.88353196901697	-0.6788249175675858
CMTSOLUTION_201111180600A	0.7930225284303576	0.041124070275034875	109.11949103187291	0.9654790178707564
CMTSOLUTION_200811221600A	NOT FOUND	NOT FOUND	1380.392926333599	0.5617633137397313
CMTSOLUTION_200810060830A	1.3488926406178872	0.044828487568686654	1222.5764367346615	0.6196616752259924
CMTSOLUTION_201101261542A	0.7735312924169954	0.0513857753141387	170.53649394941124	0.8919733185306874
CMTSOLUTION_201002112156A	1.1153995371495198	0.02721229414789292	557.0504851468581	0.9052556934757396
CMTSOLUTION_201004071433A	0.8056878846499743	0.014218123905596357	183.68128039609442	0.9699148446125123
CMTSOLUTION_200910010152A	1.1084016196947089	0.0966617408659666	2811.6411929670207	0.8738488101211431
CMTSOLUTION_201008181628A	0.9161329961735697	0.018738661076977883	914.4874632386828	0.9935647393618383
CMTSOLUTION_201212151930A	0.8417101519892336	0.033602736319879783	124.40778730131962	0.9467757391362346
CMTSOLUTION_200806150837A	0.9137166583171303	0.015315744762767501	116.80353518465424	0.8139951297028535
CMTSOLUTION_201204161123A	0.8584006318964749	0.04112146507001394	127.09494231763493	0.7023941590034427
CMTSOLUTION_201311221830A	1.1736975377394947	0.13279487424425632	67.44274446499337	0.6939995851815167
CMTSOLUTION_200908020854A	0.5685180961983702	0.018267485741037995	143.56371680089416	0.8180344613968666
CMTSOLUTION_201101010956A	NOT FOUND	NOT FOUND	1558.5507910005676	0.5075759543824188
CMTSOLUTION_201004051005A	1.3118066185997783	0.1805622036251334	401.9489522417467	0.9505690612903372
CMTSOLUTION_201009031116A	1.023866851987346	0.0315085707872797	2705.1490450900674	0.9684743167889172
CMTSOLUTION_200808300654A	0.8684528626580079	0.049213566530332105	535.0199220047084	0.9552955649346719
CMTSOLUTION_201008160330A	1.403368150744081	0.08714899983954258	111.20470956359952	0.7881093813319123
CMTSOLUTION_201103061231A	0.9191111124380095	0.04564574636508306	175.04236831183428	0.773183978997045
CMTSOLUTION_201103120147A	1.3382025506514519	0.24911556709880475	564.9935885475941	0.8167275629142258
CMTSOLUTION_200803242039A	0.836811791078679	0.05991829390270364	148.42033183056327	0.9775188358982803
CMTSOLUTION_200810110906A	0.8475261247012302	0.11031750855042932	580.765223521517	0.9441514893310985
CMTSOLUTION_201309151621A	1.0724518642825518	0.02635146638021969	428.4940261274502	0.9832829960776511
CMTSOLUTION_201103220919A	1.5426540097488	0.05229945916701858	94.17990157626048	0.7108344964323411
CMTSOLUTION_200903061050A	0.9197909875605496	0.010302862600144154	2338.161367641706	0.9965058836792098
CMTSOLUTION_201311031103A	4.627987654719674	1.2188536610552987	31.07354843646273	-0.6933235347312106
CMTSOLUTION_201002152151A	1.1569687120336416	0.08528842177528372	109.7374595547774	0.6978081105799364
CMTSOLUTION_200808211224A	0.6188528618650777	0.049219303194950444	612.8803894446727	0.9226754748841884
CMTSOLUTION_201310061638A	0.7386522243609541	0.03838410073191085	62.9641254772682	0.9315492348277447
CMTSOLUTION_201112072223A	0.8298166547350159	0.04113418919602018	311.7564472893594	0.9818464565340536
CMTSOLUTION_201008042201A	0.8886466098914009	0.10443745018595733	2533.3466837850565	0.9098184011220021
CMTSOLUTION_200907081923A	0.900873393268186	0.07090275716602706	220.42870669867494	0.9484837398667835
CMTSOLUTION_200902111734A	1.0394755426171445	0.20458313179277485	8518.962498481218	0.9353723801915346
CMTSOLUTION_201108071435A	1.0654498823060563	0.018589063981665304	19.901743103127437	0.8036465563104924
CMTSOLUTION_201205141000A	0.8434234752513711	0.0451351148379717	160.85371544207229	0.9868989404669111
CMTSOLUTION_201206172032A	0.8961577956716401	0.03858070171812962	1907.544718213262	0.8697073171678458
CMTSOLUTION_201003040018A	0.7388338838039286	0.12699526569883662	898.7488455595708	0.9826415744917867
CMTSOLUTION_200812081839A	0.798912490423817	0.025435821706097116	171.3698332906852	0.7474764945096162
CMTSOLUTION_201002271545A	0.816889207685637	0.02725260056103238	58.378878866174105	0.9949791465672537
CMTSOLUTION_200804150303A	0.9791823975543399	0.010009308612269884	594.3409488251654	0.9562652370701563
CMTSOLUTION_201302060007A	0.8393468593580898	0.08604235860372977	2525.924485607206	0.9885128127902408
CMTSOLUTION_200805092151A	1.0628163017856447	0.05445622279438841	1810.2994070731702	0.9460120505393553
CMTSOLUTION_201105061620A	0.9240394697391088	0.04737612016594482	94.63124195542754	0.9708092710563078
CMTSOLUTION_200805231935A	0.7483937217692825	0.024691807551550125	7046.520044615823	0.9834428674593113
CMTSOLUTION_201302061153A	1.015286696206237	0.04483363206586738	20.846764393305776	0.9865181661403337
CMTSOLUTION_200908170005A	NOT FOUND	NOT FOUND	10764.406188525983	-0.5061751300013271
CMTSOLUTION_201401130401A	0.9003174692666334	0.02513699062289316	1419.0244344514026	0.93496159203703
CMTSOLUTION_201301310333A	1.0685945811527267	0.04439674603309002	159.4415927762726	0.883924079829342
CMTSOLUTION_201011031813A	0.46680495642613345	0.019975866336470426	24.91048004063565	0.9129339994092318
CMTSOLUTION_201303102251A	0.8115820744370548	0.03507169432680883	2298.12761902782	0.9512671528724375
CMTSOLUTION_201305280009A	1.0470680319441454	0.030501790568242693	154.21406393717274	0.9737746554740703
CMTSOLUTION_201304161044A	0.684912738236991	0.1486828182691096	22938.514021287134	0.7645873596570358
CMTSOLUTION_201107312338A	0.8749824249359914	0.04335960325047439	6948.270179781786	0.9640860006483811
CMTSOLUTION_200904010355A	1.1262188600032847	0.015143496447245008	785.8946986824214	0.9946679964646563
CMTSOLUTION_201105142107A	NOT FOUND	NOT FOUND	580.7506767482388	-0.07638640616629346
CMTSOLUTION_200909301016A	NOT FOUND	NOT FOUND	5640.781197013646	0.4339254409111422
CMTSOLUTION_201103200826A	1.0921365966248084	0.0645290820700229	109.0985516152888	0.9733677024478191
CMTSOLUTION_200905280824A	0.8413243669221319	0.031798144150164055	5313.489768193017	0.9880236753885212
CMTSOLUTION_200909031326A	NOT FOUND	NOT FOUND	133.41985813210462	0.5325214892534033
CMTSOLUTION_201106030005A	1.1397843014777602	0.26897530806798947	1805.9697430763256	0.9119061791539905
CMTSOLUTION_201003261452A	0.7120366184415057	0.02135308017254143	331.3796808236937	0.9254701614805807
CMTSOLUTION_201006180223A	0.86051703065259	0.032497723032925904	858.854600770349	0.985479890216035
CMTSOLUTION_200808112338A	0.8832110267563539	0.007541869671742824	695.0725389417831	0.9966991683341302
CMTSOLUTION_201102140340A	0.7269648042193737	0.03692284977168906	710.9644172037204	0.9791669379574897
CMTSOLUTION_201306162139A	1.0421953659002328	0.02029949622715883	2359.661729782918	0.8426257595480652
CMTSOLUTION_201309061133A	0.8763211456968638	0.12192573816070043	74.67236391968319	0.9384880296485067
CMTSOLUTION_201312281521A	0.8628253328164849	0.0879082031292324	1059.6126112278025	0.8773544110460224
CMTSOLUTION_200810140206A	1.606594512196306	0.01656256172851936	320.05479538003135	0.8517995914720177
CMTSOLUTION_201206071603A	0.9501751149115345	0.02657673377171136	61.97263541088938	0.9636817525119185
CMTSOLUTION_201010211753A	0.8268242557742698	0.013282467862798594	9367.843066246098	0.9710167835922904
CMTSOLUTION_201103220718A	1.415089824756503	0.3756601769567251	592.1768014775487	0.9240664861309363
CMTSOLUTION_200908050018A	1.364006062227291	0.06446388539389296	788.9114289314055	0.8705861998763564
CMTSOLUTION_201007180556A	0.8353375693062951	0.025914006686516344	3259.2393744454102	0.9135020162511955
CMTSOLUTION_201111231217A	1.0239844804551326	0.05545400829952388	272.3034327240882	0.982653392962135
CMTSOLUTION_201203141049A	1.3133286740026415	0.17562508663210694	9.011634441436287	0.9393639471824883
CMTSOLUTION_201110140610A	0.9186216193097924	0.01843814144461116	10.008486188130231	0.9901454094638925
CMTSOLUTION_200908101955A	1.0332039146641703	0.011122533892654211	8516.441955908711	0.9765496927822249
CMTSOLUTION_201309040023A	0.9812993541240055	0.030103920128291165	259.68048138467384	0.860695167335601
CMTSOLUTION_201003160221A	0.7401834661234583	0.013531658935244792	5962.238064038751	0.9963149853190789
CMTSOLUTION_201007181304A	0.8139124323904297	0.0182249363875037	12428.971519380477	0.9886664650566946
CMTSOLUTION_201010031521A	0.9985066348359626	0.04437503937235226	109.1965074155261	0.8562833722102577
CMTSOLUTION_201102041353A	1.1969522372858132	0.05359178471170335	136.81480016506157	0.9319635531834751
CMTSOLUTION_201007300356A	0.5829964859875009	0.02132565246837764	2663.9212796388892	0.918385256309594
CMTSOLUTION_201210240045A	0.8520531378191181	0.047004997765566825	2283.502354740326	0.9970480321323089
CMTSOLUTION_200805191426A	0.6846525207163451	0.12566586355517176	242.53983518021812	0.9348138287659707
CMTSOLUTION_201205071415A	1.4080399970255661	0.07372974848796202	106.24369701639759	0.8174910682736634
CMTSOLUTION_201106222150A	1.4028491494027784	0.0343778774406779	4434.271805703418	0.8972879711091903
CMTSOLUTION_201401261845A	NOT FOUND	NOT FOUND	70.7428888685041	0.549440563525156
CMTSOLUTION_201106011255A	0.7463146045612671	0.0043646043874624426	882.7459212188085	0.9922411949706528
CMTSOLUTION_201209262339A	0.99072588512988	0.09496895334966389	857.2532061228114	0.9837487487106092
CMTSOLUTION_200801060514A	1.3259379294687574	0.10341909337885052	670.8688973905716	0.8916631287518694
CMTSOLUTION_201209031823A	1.042640930700046	0.03814700320471198	290.48949491084056	0.9174343675074759
CMTSOLUTION_201105132335A	1.1546387164574714	0.04250206057513239	237.75993568061074	0.9917190514024857
CMTSOLUTION_201008121154A	NOT FOUND	NOT FOUND	5085.650809562794	0.4771805052261147
CMTSOLUTION_201005060242A	0.7283476212324255	0.024692245045613802	583.4371360383573	0.9876422422225779
CMTSOLUTION_201005251009A	0.8676684709696139	0.03803800891547219	1950.9844073738327	0.9708760023621247
CMTSOLUTION_200806281254A	1.2875756281182327	0.023576120609606944	487.14386439226	0.9133001378396152
