event	E	sd	signal/noise	char_func_max
CMTSOLUTION_201308120949A	1.0041677418117902	0.06294626638375328	183.98446813313754	0.9910648716889987
CMTSOLUTION_201005241618A	NOT FOUND	NOT FOUND	213.60630299822952	0.4633567376452662
CMTSOLUTION_201402101206A	0.7115236600723552	0.0821717340751337	26.37081051245783	0.7903640551884565
CMTSOLUTION_200802141009A	1.0020025862748119	0.0793705289661482	1535.9359547224005	0.6845950399376426
CMTSOLUTION_201003111439A	0.9531811610061413	0.01993163153998223	3206.4034156825464	0.9073093061430436
CMTSOLUTION_201201101837A	0.763649765464021	0.06531889274373345	5563.567704694188	0.9449503858632409
CMTSOLUTION_200906062033A	1.0060562615804092	0.037525271781205426	30.577813404854396	0.9897976388380963
CMTSOLUTION_201304060442A	1.0705483891173735	0.08264942916804542	1671.4794578687597	0.9764718102547393
CMTSOLUTION_200810122055A	3.0977467300196753	0.27724253886026956	59.747179110745996	0.6561999420268055
CMTSOLUTION_201208261505A	0.8090003332936301	0.10023142568821211	535.2087417370177	0.9581435145046365
CMTSOLUTION_201111072235A	1.0691176449964441	0.03970752685199699	79.5691096013193	0.9849352827878424
CMTSOLUTION_201103112011A	1.0204651196832353	0.09575784349096753	10.312091859442665	0.9788894844721191
CMTSOLUTION_200907040649A	0.9588173838468431	0.03194755314024319	131.35424766790166	0.9793232183156084
CMTSOLUTION_200802131958A	1.886237415561507	0.02803577440642889	215.20538849340755	-0.9279544915405342
CMTSOLUTION_201304201312A	0.9832577187160462	0.062136179009347065	54.23269234521356	0.9514099927207335
CMTSOLUTION_200905191735A	1.031984834775625	0.06872416917637954	63.547510297771524	0.9452336893797395
CMTSOLUTION_200811240902A	0.5389234966110489	0.029294160346525048	1866.0433000759244	0.7264879085000661
CMTSOLUTION_201305140032A	NOT FOUND	NOT FOUND	258.6544215532274	0.4398197727450185
CMTSOLUTION_200808100820A	0.877673325556415	0.2029164650790908	198.326835859273	0.6689096641537775
CMTSOLUTION_201102120117A	1.0393315941624601	0.04507729481393786	28.538266605330612	0.9963342647339408
CMTSOLUTION_200807080742A	0.8144931073798567	0.022550648006314365	62.98966153893844	-0.9968077069063882
CMTSOLUTION_200906162005A	1.053930767307368	0.06582664434442097	249.05760924126292	0.9847669565460938
CMTSOLUTION_201101022020A	0.9649408785431413	0.033548167469325416	1109.137974394499	0.986591204196965
CMTSOLUTION_201004042240A	0.8401885138485421	0.02279224723393932	924.8848545091241	0.9357341119239867
CMTSOLUTION_200908280151A	NOT FOUND	NOT FOUND	668.2230542612665	0.19915857230175726
CMTSOLUTION_201204150557A	0.9313418435113908	0.009292582741661554	296.17924904592826	0.989247498841093
CMTSOLUTION_201307041716A	0.9505648979894734	0.022820424227544767	40.320271760902116	0.9575786757012444
CMTSOLUTION_201012151129A	1.4016504393832672	0.0331951148922124	32.769386521985425	0.9133753822961708
CMTSOLUTION_201310041726A	NOT FOUND	NOT FOUND	592.7166247642632	-0.23814857158885192
CMTSOLUTION_201306061153A	7.636499535650961	2.5358474536235547	12.872682764774272	-0.6219056312897911
CMTSOLUTION_200804190312A	1.001821182431745	0.06116258476172028	107.77606648250416	0.9832395572847008
CMTSOLUTION_201009270008A	0.9288936720161943	0.06383957498363854	122.90924438403955	0.975553441364867
CMTSOLUTION_201401282222A	0.9470259729507025	0.07429094862944309	69.88103059334901	0.9741803541190475
CMTSOLUTION_200806050216A	0.9712681597899928	0.04806868491120404	137.65026532538948	0.9872714213386145
CMTSOLUTION_201111300047A	0.7479338047400733	0.13366843344710647	219.89719581770208	0.8403949128665704
CMTSOLUTION_200801090826A	1.0126235018260106	0.10454226614828782	1932.325347791831	0.9472192802819736
CMTSOLUTION_201210141013A	NOT FOUND	NOT FOUND	40.796264622655386	-0.44005594004330584
CMTSOLUTION_200808042045A	DiffNPTS	DiffNPTS	DiffDelta	DiffNPTS
CMTSOLUTION_201004302316A	0.9067756464930858	0.06262131911228393	2951.3778676038214	0.987758633182344
CMTSOLUTION_201004231003A	0.9184547739762384	0.05938456534611634	105.60559142429909	0.9631940706259873
CMTSOLUTION_201310312303A	1.079965880399585	0.034580965746002335	253.66135026098715	0.9805706751725088
CMTSOLUTION_200904070423A	0.7419516511795192	0.10788445628105403	1918.3798857913682	0.9148336050118863
CMTSOLUTION_201204112255A	0.9946045946169926	0.06047224754219241	197.91260771704304	0.9909037492781484
CMTSOLUTION_201301302015A	1.0469762485528336	0.031862952552026626	814.7105714447557	0.9769819518235565
CMTSOLUTION_200912100230A	2.4050303539187117	0.09370619797825584	112.61556884649224	-0.9202546509093286
CMTSOLUTION_200907061453A	2.1290487312051107	0.0909871005116016	25.423008973034637	-0.910612370977807
CMTSOLUTION_201105280547A	1.8561383840267067	0.19818301181150927	20.568195650315616	0.715334085849868
CMTSOLUTION_200908031800A	1.0931261991059609	0.03207726921593031	844.668326838816	0.8119446364239078
CMTSOLUTION_201006010326A	0.9002558843307901	0.056285740909371725	113.11408433825147	0.9864685770855608
CMTSOLUTION_200805201353A	0.9686594029470411	0.07030378090880121	217.61489872792615	0.9867761291506237
CMTSOLUTION_200808262100A	0.8206659565507652	0.02414427808817371	188.48985327134085	0.9645657758536244
CMTSOLUTION_201005190415A	1.0641663338837455	0.05386372104879795	69.14435729672749	0.9658479884652097
CMTSOLUTION_201204171903A	0.83122893146736	0.08050562238201846	55.85198661213455	0.9278369968737459
CMTSOLUTION_201206070405A	1.024820404740462	0.06308501767782454	164.48681336579858	0.797485121622722
CMTSOLUTION_201308070906A	NOT FOUND	NOT FOUND	31.4477312711361	-0.15492800729196785
CMTSOLUTION_200908031840A	1.0948149734373447	0.031696375308775046	403.866677148033	0.7374517113134866
CMTSOLUTION_200906191405A	1.0071189737114592	0.15106250087345044	180.45054929738347	0.8913827964809775
CMTSOLUTION_200810301515A	0.7080557968116675	0.010861857020998551	63.65815896043578	0.9471305773459215
CMTSOLUTION_201402180927A	1.1789454121079792	0.09479647114904556	335.11275022032805	0.9423660126799621
CMTSOLUTION_201107160026A	0.0005008556137178927	6.810863134212062e-05	65.26135676326157	-0.8638538817048863
CMTSOLUTION_201104071311A	1.3810618699056105	0.6974977905027236	6112.04429010535	0.6336564596929678
CMTSOLUTION_201002271900A	0.9550930875551232	0.01115793931199071	11.75045280821471	0.9769399339203858
CMTSOLUTION_201306242204A	1.016546002567439	0.04422752375175579	1934.0506161588864	0.996715109098582
CMTSOLUTION_200908171011A	1.021763394679511	0.08829781251688949	180.52643185373663	0.8458193709860479
CMTSOLUTION_201302010536A	NOT FOUND	NOT FOUND	32.65062504780423	0.16650021158016812
CMTSOLUTION_201201151421A	1.0944977180182753	0.04442975969492364	279.13489156463146	0.8786176511342955
CMTSOLUTION_201306050447A	1.1357261100489249	0.09414205653232298	75.28468875460516	0.9447969010847159
CMTSOLUTION_201001220046A	1.4671422992258785	0.0672626794781996	48.83291646883694	0.7563428125660198
CMTSOLUTION_201003051147A	0.7537303103202286	0.06796223149222626	162.52021458618623	0.9489390473854212
CMTSOLUTION_200802270654A	0.8910301215133096	0.06224752977454247	85.09773721734572	0.9478786912397457
CMTSOLUTION_200905120126A	0.9702089815080146	0.03745594571365051	243.9503824666787	0.9642135390519511
CMTSOLUTION_201106240309A	0.8838571077443748	0.057460679417280794	23154.531913104845	0.9878428816399342
CMTSOLUTION_201310121311A	0.9828377936729484	0.060295332265039345	1169.5111835022599	0.9790911677023921
CMTSOLUTION_201112271521A	0.8599383716227618	0.06163991383129467	3604.054825173416	0.9796807054457942
CMTSOLUTION_201204200121A	1.5779320593091157	0.19116233558463266	14.107756139045343	0.8457891345736116
CMTSOLUTION_201310311202A	1.0640610479757837	0.08549030378713499	207.37849943253872	0.9847714275067405
CMTSOLUTION_201109181240A	1.7308080043970802	0.28123205989338507	1884.8805335052912	0.7980730193470704
CMTSOLUTION_201002180113A	NOT FOUND	NOT FOUND	531.8178011450431	-0.4463355164525227
CMTSOLUTION_201109091941A	0.983262329123797	0.07368897283397102	1544.7729772337125	0.9881881542621006
CMTSOLUTION_201107161959A	1.1221514902673915	0.023769007300101196	49.330492471793434	-0.9473308983592369
CMTSOLUTION_200909020755A	2.3231561532740312	0.025636753245648247	2022.2524350363683	-0.8756992875525039
CMTSOLUTION_201011031118A	0.7242913147447295	0.07170675893373124	47.63173254108918	0.9531307869293741
CMTSOLUTION_200905100116A	0.9920232791799822	0.04901376587677116	281.65834837959665	0.9860548916120322
CMTSOLUTION_201304051300A	NOT FOUND	NOT FOUND	42.899168621367046	-0.5432776592683575
CMTSOLUTION_201003031744A	0.8085350885868301	0.07526818314242537	29.395178789325882	0.9401643906627943
CMTSOLUTION_201001032148A	0.8009479625809439	0.11970075576245345	962.9577252251048	0.8609323063391009
CMTSOLUTION_201211161812A	0.9506950613865168	0.06151391203380202	561.3868944278679	0.9563662342438678
CMTSOLUTION_201007181948A	0.9200888525221087	0.03442107270910946	17.21337227911005	0.9793693635243893
CMTSOLUTION_201103130126A	0.9371639544663437	0.06544655793895927	70.47620547265203	0.9130645312711775
CMTSOLUTION_201208101837A	1.2959331982667524	0.03369199403849422	113.1015448216268	-0.9407110278310348
CMTSOLUTION_201310251710A	1.0463702337735674	0.057846214767865875	2555.971542313685	0.9433775659673526
CMTSOLUTION_200912170137A	NOT FOUND	NOT FOUND	742.5022182248952	0.1807024390240944
CMTSOLUTION_201205070440A	NOT FOUND	NOT FOUND	70.18644196515379	-0.13824073379380716
CMTSOLUTION_201211190944A	1.0411810099575394	0.09242251572397947	115.78167994074795	0.9109931219400839
CMTSOLUTION_201001032236A	0.8015477341978872	0.12803213341187378	1238.2897652520055	0.762838956639048
CMTSOLUTION_200802250836A	0.841609889379183	0.015837385009098797	721.9055154241178	0.7564605322517327
CMTSOLUTION_201210300249A	0.9218290593386257	0.044269094825755126	1586.9023188450042	0.9905688327225625
CMTSOLUTION_201104091257A	0.8235479579292604	0.030346847642920324	66.54489971574074	0.9074797922465556
CMTSOLUTION_201005232246A	0.9765610618273189	0.03507593200349905	277.70770687210984	0.9979511903792632
CMTSOLUTION_201203252237A	0.9300447478197623	0.09051657081517331	813.0393568685854	0.9461641950841333
CMTSOLUTION_201109021347A	1.18419671571657	0.03334378218971532	17.391248097494433	-0.8031760901546005
CMTSOLUTION_201011100405A	1.4707311975875583	0.09653038696159648	186.376045542493	0.9410367345886765
CMTSOLUTION_200804231828A	1.230301153084015	0.04070804178504609	134.0963663377071	0.9817227038330533
CMTSOLUTION_201310120210A	1.0109475855940526	0.026089378145756813	102.35254899372633	0.9663899822613222
CMTSOLUTION_201004132349A	2.3773679975085624	0.20250942122941729	2749.2632569849206	0.9127137291588207
CMTSOLUTION_201304140132A	1.470340528746516	0.041233243143023006	109.39845927486775	-0.6024824495626664
CMTSOLUTION_200805071602A	1.2028776139099238	0.08472904926071388	1422.9210355436262	0.9261485315068514
CMTSOLUTION_201310150012A	0.9183172234253109	0.029267817265694288	5892.4950270730205	0.9961195964723856
CMTSOLUTION_200805071616A	1.2065467324550656	0.08823509738322478	1280.3568861740623	0.9119799623003169
CMTSOLUTION_201102101439A	1.0620663919241664	0.03374194531512948	293.1587754137614	-0.8323457277931667
CMTSOLUTION_201309280734A	0.7838705787881002	0.05660132642253766	7221.039517798663	0.9784409517324102
CMTSOLUTION_200903161415A	1.4104163184869292	0.09905846993485344	221.5068324535012	0.9430719307915546
CMTSOLUTION_201310161031A	1.173725842287991	0.16410032474534525	334.2236267832184	0.9233553990636856
CMTSOLUTION_201208111223A	1.099307561079811	0.0629230049282106	1786.290188411651	0.9779269574222639
CMTSOLUTION_201402120919A	4.242672458406035	0.3435505331283504	2441.5249987138163	0.6883040753700674
CMTSOLUTION_201005141229A	1.0036826606825522	0.035105741973710594	29.222419797735007	0.9735482414456287
CMTSOLUTION_201006160306A	0.9695452564026306	0.043573319768973606	2020.0779906041134	0.986903601780722
CMTSOLUTION_201001050455A	0.7665861480697528	0.09976998974710484	927.9798765979758	0.9372314679818442
CMTSOLUTION_201206040045A	0.9759137939432857	0.04877002481924382	231.5450982045814	0.9914150254119357
CMTSOLUTION_200909240716A	1.0915111497871708	0.06114101205302694	287.1152155596332	0.9012031433456541
CMTSOLUTION_201206140552A	2.7454725705455636	0.4283112321306995	22.283398474505262	-0.8327127728010946
CMTSOLUTION_200811021348A	0.9563271653933185	0.05679281440183701	172.60404749100115	0.9838916980375878
CMTSOLUTION_201103090245A	0.8686720810702481	0.1438699163610475	11913.268532585258	0.9152148121564979
CMTSOLUTION_201211071635A	1.236241603722124	0.049562709812573984	8037.192771692096	-0.9071886760582651
CMTSOLUTION_201309040627A	0.9281184140280033	0.05644077580767012	55.35060832660526	0.9886870079797022
CMTSOLUTION_200803031411A	NOT FOUND	NOT FOUND	314.75376434597	-0.3346048624743899
CMTSOLUTION_201312010629A	NOT FOUND	NOT FOUND	23.578635093303667	0.5510566217575191
CMTSOLUTION_201005260853A	1.1203179902843627	0.1016531352672132	1354.9970448768713	0.9798983226487954
CMTSOLUTION_201004022258A	1.0020465845146427	0.06351590367275002	49.662310099883484	0.9616594669073237
CMTSOLUTION_201010251937A	1.9211328649008752	0.3215617565141978	9.476697928998533	-0.7078752191234757
CMTSOLUTION_200902120830A	1.2787173002709267	0.07567117324620083	35.36261953728918	0.8750908234612189
CMTSOLUTION_201304200002A	1.304568902552164	0.3411876164138202	700.3139078268956	0.8252658561129899
CMTSOLUTION_201204210116A	1.0008153942390072	0.016075686803438384	517.153403201861	0.9677901421715246
CMTSOLUTION_201011030056A	0.7880421839039006	0.18161583988053664	39.89698237368734	0.6172312424919826
CMTSOLUTION_201003241411A	1.4267753418003184	0.11451051522997423	16.019196930701664	0.9378025219186525
CMTSOLUTION_201204141056A	1.01048143766948	0.059210616406566344	122.33632165391707	0.9851819196761665
CMTSOLUTION_201305241456A	2.434577543354907	0.5224369567271604	12.465331034885216	-0.6141153939310939
CMTSOLUTION_201204170713A	1.1391989401302531	0.029800097237659133	149.33211237819575	0.9738303364889916
CMTSOLUTION_201203140908A	0.8485528617373134	0.04240011810603784	6664.336992799171	0.9856858347819419
CMTSOLUTION_201002231025A	NOT FOUND	NOT FOUND	21.578307402544624	-0.24171058945712792
CMTSOLUTION_201212070818A	1.5457172448684342	0.28601941123071506	4218.457822187545	0.7705190854480988
CMTSOLUTION_201003081112A	NOT FOUND	NOT FOUND	22.242786020117855	-0.31099073147652584
CMTSOLUTION_201002262031A	1.0387320092279235	0.07011371849017417	6533.9265365469255	0.9906099304750255
CMTSOLUTION_200811071604A	1.6163365586898155	0.5796846877030637	89.005870704211	0.6708170147080501
CMTSOLUTION_200808270135A	1.120011139052769	0.10479711726947573	349.75505045070054	0.8510160493628995
CMTSOLUTION_200902281433A	0.9593241148784787	0.06289609149458282	96.55271984486771	0.6136113211368682
CMTSOLUTION_200806031620A	1.0861601045571345	0.13111286751138024	209.11414729280233	0.9258408689872748
CMTSOLUTION_200810281600A	1.1987525402369879	0.08533509098697903	176.78551601201121	0.9746046202461943
CMTSOLUTION_201207250027A	1.330325718432264	0.026115839265947505	48.74651465595107	0.8315122239663694
CMTSOLUTION_201311120703A	0.8933265045794994	0.05771587059960544	346.51304564447946	0.9921437803042772
CMTSOLUTION_201204120706A	5.631409728511283	0.313715578201221	1107.7872757162613	0.7196617876137272
CMTSOLUTION_200801051101A	0.9305978762092145	0.04374342982018516	1187.667813973033	0.9924575382289096
CMTSOLUTION_200809101308A	1.0490867400060722	0.05681724351214592	869.861634560342	0.9901375665708431
CMTSOLUTION_201304191958A	0.9727153337718333	0.03085003135119055	53.600327538600666	0.9748654470332169
CMTSOLUTION_200912192319A	1.0124322541316426	0.11918370304303567	119.80451761703335	0.9517315946173812
CMTSOLUTION_201108102345A	1.2453445286728653	0.04587794456326484	469.5004164011093	0.9850914536252825
CMTSOLUTION_201208121047A	2.3009727747171476	0.09290935806236458	110.72014885010306	0.783913540316117
CMTSOLUTION_200810282309A	0.9827407241608506	0.03815090745187449	619.8631612561784	0.8316613430893849
CMTSOLUTION_201007120011A	1.0508377980890353	0.05917659342471868	713.9304208752542	0.9876195295939388
CMTSOLUTION_201110281854A	1.0046786159729701	0.022915750542795234	1761.5436749561645	0.996765910531833
CMTSOLUTION_200912091600A	0.9065705673962549	0.07621256364760835	710.5097819517332	0.9806699992964342
CMTSOLUTION_201008142301A	0.9020944371539416	0.06337515259995562	368.7834958886958	0.9411402719307405
CMTSOLUTION_201108171144A	0.8845372643097974	0.033446594028941366	518.5296700452735	0.9642022788781198
CMTSOLUTION_201206191556A	1.0677046031498167	0.13121976449058617	88.94909544992308	0.9510334758043509
CMTSOLUTION_201212070831A	1.6613162689055894	0.3008925820610916	4835.224489908529	0.7098756241935472
CMTSOLUTION_201110232045A	1.0094938031379377	0.1649479224952464	157.89249226053084	0.7836657598014799
CMTSOLUTION_200807050212A	2.7850745316380094	0.20794979478325862	12707.781801792076	-0.8231429618487188
CMTSOLUTION_200904040531A	1.173472502361321	0.0585301364574231	186.79205468226132	0.9602950334393962
CMTSOLUTION_201007232251A	1.7728728978485666	0.07679619931418107	115.93494415225923	-0.8653850336690757
CMTSOLUTION_201107112047A	1.0275934172645316	0.07113898985340816	891.812544561077	0.9864621019379827
CMTSOLUTION_201003111455A	0.9495986956374548	0.01854815643840625	3749.0860471986844	0.9250034567755643
CMTSOLUTION_201106230734A	NOT FOUND	NOT FOUND	1979.75715457524	-0.09580602253022881
CMTSOLUTION_201205231502A	0.832762729959278	0.08292286430793214	142.40915536185133	0.9548804439262593
CMTSOLUTION_200902162316A	1.1955974662232904	0.05880758606745359	147.58399442750795	0.9650312585165057
CMTSOLUTION_200907010930A	0.9416977464182974	0.04204354218860095	915.5488259896806	0.9446503745901658
CMTSOLUTION_200902120349A	1.0830783640154704	0.11782242693521314	91.33090874514656	0.9924513394807601
CMTSOLUTION_201310191754A	1.313376794847754	0.2239916768296549	363.54893502573213	0.7520892169188559
CMTSOLUTION_201205262148A	NOT FOUND	NOT FOUND	11.125090312028863	0.31669318919974404
CMTSOLUTION_200806032204A	1.2497734582930016	0.06388193178095655	38.89021201371504	0.8891558261165922
CMTSOLUTION_201102071953A	0.8901501576653272	0.04383544279088976	56.45066863509027	0.9793923458756771
CMTSOLUTION_201007201918A	0.99030733556612	0.0731863938357958	343.07142554170946	0.8779123197706472
CMTSOLUTION_201303202228A	0.9388809937990873	0.07164689233799194	114.73017324296046	0.9666656378103626
CMTSOLUTION_201207200610A	1.090794128072266	0.010934881860742072	77.08348686366588	0.9933668881264431
CMTSOLUTION_201105151308A	0.9611933264178161	0.04395940959105428	221.1743284362598	0.9959498541783263
CMTSOLUTION_201109141810A	1.038456624325196	0.033049857582895185	92.39727460456399	0.9784107138007803
CMTSOLUTION_201311160334A	0.9734979992615633	0.06499441297823524	631.3827174790057	0.9791186712672278
CMTSOLUTION_201301202332A	1.0322563050862528	0.053518517489112835	138.52016591157252	0.9499117821576992
CMTSOLUTION_201002070610A	1.2668957933622347	0.10236315727514825	194.0116502258586	0.8453554657085774
CMTSOLUTION_200807240143A	0.9576261782350304	0.002991489938848282	232.19589517572354	0.9213352102603921
CMTSOLUTION_201206040315A	1.0084400495407588	0.010816072067627696	30.646275461879	0.9864358197791182
CMTSOLUTION_200807131458A	1.1170492737766315	0.07575582331976691	416.3209963991534	0.9861101781867474
CMTSOLUTION_201006240532A	0.9917074516662207	0.09133640147163154	65.61136286844646	0.9713438170337387
CMTSOLUTION_201206251305A	NOT FOUND	NOT FOUND	26.382480122250353	-0.21300547834093603
CMTSOLUTION_200907071911A	0.9023936768662267	0.05386951212121556	328.167867407372	0.9839232465142804
CMTSOLUTION_200803202233A	NOT FOUND	NOT FOUND	8792.81952466119	0.49668475134789825
CMTSOLUTION_201303240418A	0.9869971882086006	0.05098077487278887	463.1056437963864	0.9927070778541515
CMTSOLUTION_201201010527A	0.7622660029249329	0.09567570222361603	205.73843917363502	0.9276705210469104
CMTSOLUTION_200804140945A	0.9555654434472194	0.09167479325411561	168.39927236174333	0.9639006638802999
CMTSOLUTION_200811221849A	1.1778256857503366	0.06348178187935118	100.53919394425986	0.994432490381092
CMTSOLUTION_200803030237A	NOT FOUND	NOT FOUND	34.95546420671006	0.5506737566181986
CMTSOLUTION_201203040331A	NOT FOUND	NOT FOUND	23.324483674120813	0.5102648219394682
CMTSOLUTION_200811010113A	0.8402311650486338	0.07778581511595557	103.19363163905146	0.9359358142224548
CMTSOLUTION_201112140504A	1.1241725879889763	0.07971189865044026	754.5753971458297	0.9100140580761406
CMTSOLUTION_201103251136A	0.8737981961681127	0.12832897535112092	258.0928358567227	0.9559781099432104
CMTSOLUTION_201107261744A	NOT FOUND	NOT FOUND	35.32182014926108	0.4647137021536414
CMTSOLUTION_201202061010A	0.9987645588069775	0.046774637359614284	11.299744430262152	0.9898785115952345
CMTSOLUTION_201208140259A	NOT FOUND	NOT FOUND	11820.100614920915	-0.5976586796771307
CMTSOLUTION_201003080747A	1.4878714780299072	0.00759971797355176	80.94312128484934	0.984244190046323
CMTSOLUTION_201208180941A	NOT FOUND	NOT FOUND	20.87542791037521	0.5777321567758776
CMTSOLUTION_201301281638A	1.6959018884425898	0.13881317723481534	451.5603650756974	0.9597502823781027
CMTSOLUTION_200809240233A	0.8106503441354085	0.07509031907418498	268.4583088728009	0.8875413878967728
CMTSOLUTION_201210120031A	1.1896883408727563	0.07200454385367705	392.17402439740295	-0.8747729320572704
CMTSOLUTION_201007140832A	1.000759336075622	0.03986951364243217	280.40309921716903	0.970024299230249
CMTSOLUTION_201306151734A	0.9793582153135285	0.023629610981496015	119.33341255434567	-0.8934020927888312
CMTSOLUTION_201105151837A	0.9640896129954281	0.007146424147637912	150.06274134625312	0.9716304310333924
CMTSOLUTION_200806222356A	NOT FOUND	NOT FOUND	33.75559200428024	0.10031224750091855
CMTSOLUTION_201109021055A	0.9173254982971385	0.06637532185828704	2371.677265986951	0.9900491980202863
CMTSOLUTION_201107100057A	1.4971592120339412	0.6106807301576599	950.0170370874894	-0.6405514105630634
CMTSOLUTION_201008240212A	1.072282002385363	0.04369045159282626	66.39205180415982	0.979705519515426
CMTSOLUTION_201402010358A	0.966602877024271	0.08782828578519943	108.20393335836624	0.9788796439455129
CMTSOLUTION_200811161702A	6.043299960386415	0.8942697494234876	8399.291160640689	-0.6338226658763599
CMTSOLUTION_201312172338A	0.9491990785699254	0.12120234045808947	65.16810320627654	0.9083993665022967
CMTSOLUTION_200807191101A	1.3946811437473006	0.03819894233020069	7.671551541019067	0.9843975125024397
CMTSOLUTION_201002281125A	0.9824876143442304	0.07431173461079539	111.63895650753949	0.9411503075245148
CMTSOLUTION_200908280152A	NOT FOUND	NOT FOUND	628.3262664279564	-0.2981522459629594
CMTSOLUTION_201004260259A	1.676073091585177	0.17728898872727078	477.58105793717687	0.8410070593728666
CMTSOLUTION_201402262113B	0.6553983848482584	0.009620296989494168	81.61398453577223	0.8960631550843917
CMTSOLUTION_201209190917A	NOT FOUND	NOT FOUND	12.259392036356987	0.43040881728477653
CMTSOLUTION_201003051606A	1.2024745156020236	0.07879873166199931	141.63080412664453	0.8557789925742343
CMTSOLUTION_200908122248A	0.9551931371017158	0.07375707311659516	1563.7942440942015	0.9748249492185939
CMTSOLUTION_200803030931A	1.1166497492252014	0.03408661172147894	539.9638169236459	0.9614178646886657
CMTSOLUTION_201003050919A	0.862889480918033	0.07781065835491094	34.88789034141392	0.9317908640149266
CMTSOLUTION_201005032309A	1.2194180222068332	0.06587222113219629	89.69117756325315	0.9749067441083169
CMTSOLUTION_201302060123A	NOT FOUND	NOT FOUND	550.5604942268415	0.3315658662990353
CMTSOLUTION_201003080947A	NOT FOUND	NOT FOUND	15.174354712436852	-0.5478802050907428
CMTSOLUTION_201003070705A	0.8533251957863444	0.11023542191909128	77.27617512818841	0.9315431719488625
CMTSOLUTION_201302170542A	NOT FOUND	NOT FOUND	28.912968611243237	0.1194570678135252
CMTSOLUTION_200906231419A	1.170003019837388	0.0839008082507139	188.84461366632877	0.9735074068721321
CMTSOLUTION_201111091923A	1.1954266759322802	0.10586268159608736	279.32158028594574	0.9638771959267378
CMTSOLUTION_201309050401A	0.9237238257975343	0.05369313317740615	819.2819617394052	0.9883525544656779
CMTSOLUTION_200802101222A	0.9201244183884659	0.02196827690897011	514.445008806926	0.9855771885078758
CMTSOLUTION_201307212345A	0.6687804167975478	0.13436572966000332	83.00112263757474	-0.8153517777465493
CMTSOLUTION_201304210322A	0.8507950847335012	0.06335425021036384	53.896864128213565	-0.8079600021869929
CMTSOLUTION_201205280507A	0.9639999518880978	0.02761973885458711	435.20797574273575	-0.9313276979102377
CMTSOLUTION_201209220352A	0.9498431047396302	0.1024952517970926	15.167665638252995	0.8733081041713396
CMTSOLUTION_201308301625B	0.9622639819286959	0.060825062443121004	4439.073050432942	0.98876027269287
CMTSOLUTION_201105132247A	NOT FOUND	NOT FOUND	243.86097421205642	-0.32217569268759194
CMTSOLUTION_200907131805A	1.0867074417695122	0.01365471297435203	324.04876020278374	0.978029839078938
CMTSOLUTION_200811100122A	NOT FOUND	NOT FOUND	483.7259740713021	0.16625155436365163
CMTSOLUTION_201309300816A	0.9402284283173311	0.07323642150929674	19.56765048444077	0.9832092632611952
CMTSOLUTION_201009291711A	0.8659583072280284	0.07343788078233715	1503.5442135629014	0.9201315982397188
CMTSOLUTION_200802201827A	0.7159080036555978	0.05223879421243796	788.1434747876068	0.9407864968938542
CMTSOLUTION_201107190713A	NOT FOUND	NOT FOUND	15.810912607036268	0.10849482804752415
CMTSOLUTION_201110231810A	0.9922568806264686	0.1650220139553315	68.0489580473334	0.7354528883578949
CMTSOLUTION_200909172321A	0.8313129768912936	0.05798464113600369	211.67132797748212	0.9746186041741745
CMTSOLUTION_201107151326A	0.648740179549109	0.048127866826383585	31.534764174731222	0.7333808653637539
CMTSOLUTION_201104242307A	NOT FOUND	NOT FOUND	1197.8655847669122	-0.08030293289015832
CMTSOLUTION_200805310437A	1.8644939845051542	0.12896976686328906	190.4235587869924	0.8890720536834952
CMTSOLUTION_200812182119A	1.0562383397589397	0.007016940372017572	160.11146302230966	0.9925610206048288
CMTSOLUTION_200805020133A	0.9063280773805659	0.05857038221067495	858.1119973441643	0.9679575397421418
CMTSOLUTION_200804241214A	0.9798557532262155	0.059908474515431846	371.85627807702156	0.9752906457886062
CMTSOLUTION_200908100406A	1.23272151661631	0.15587499493989998	103.90339770241602	0.9077321137711578
CMTSOLUTION_200804152259A	1.3793678741905484	0.10763540133814746	409.5604030358718	0.9596308472026402
CMTSOLUTION_201206020752A	NOT FOUND	NOT FOUND	61.1960211486692	-0.18469155520664424
CMTSOLUTION_201206240315A	0.8869444750746184	0.06672485933167936	179.9647448718179	0.9836723353582336
CMTSOLUTION_200810161941A	1.1798926890751367	0.08963593397045183	683.5685165105963	-0.9067970909544352
CMTSOLUTION_201206101244A	0.8889272690720096	0.062288279557492714	350.21259227770344	0.9210268649276796
CMTSOLUTION_201210012221A	0.8905414211090928	0.1702202695008509	229.46928134936604	0.9162677322966657
CMTSOLUTION_201203201756A	0.6242485990830386	0.05205298114725139	4018.076703621079	-0.9473659734965318
CMTSOLUTION_201203261812A	0.7323803140443015	0.10106746299510413	22.8420184828244	0.9310688372517439
CMTSOLUTION_200801100137A	1.140075381163192	0.0831120708603845	463.84373532100346	0.9097577356724892
CMTSOLUTION_201210081143A	1.1458183632405237	0.027272898689720198	62.62089027115011	0.8090132126260112
CMTSOLUTION_201003282138A	1.4314734039336707	0.09185350844387552	11.69866618134514	0.9256099350514706
CMTSOLUTION_201307071835A	0.9506081091709776	0.03965073198931047	775.1204528812727	0.7523901562770097
CMTSOLUTION_201301081416A	1.0425806238910136	0.0766817797838131	171.0608930579648	0.9462688408370513
CMTSOLUTION_201110231041A	1.2393547733780308	0.18961720388594708	23707.271874934282	0.8140648887339095
CMTSOLUTION_200901130104A	1.4839439029047699	0.1687611720849032	95.92494271365622	0.9533316324098934
CMTSOLUTION_200806300617A	0.9240766122283597	0.007020133471173261	1170.7481829784338	0.9089361365136897
CMTSOLUTION_200803151443A	0.6941649606599808	0.03546846500613457	16.26820074508755	0.8117764600171503
CMTSOLUTION_200803201410A	0.8745827943851806	0.045188526126514014	71.0109319138409	0.9556630399819113
CMTSOLUTION_201004240741A	0.9246254838815956	0.0349885458100588	63.41112595719815	0.8409992773792884
CMTSOLUTION_201304190305A	0.9706284138655248	0.046281555208202	5049.584662889801	0.987138328054607
CMTSOLUTION_201108161103A	0.9437928727203059	0.06720903697012524	67.21459354363952	0.9115339117123075
CMTSOLUTION_201307220701A	0.9252218866814532	0.013589246914811776	417.6244612439559	0.947877753895062
CMTSOLUTION_200812250320A	0.9743305433396852	0.07203383075473159	131.87246881403894	0.9732520545991923
CMTSOLUTION_201108300657A	0.9729191365716833	0.08072077684084297	402.7354826085023	-0.8121717394115378
CMTSOLUTION_201003151108A	1.18357936774513	0.026610569186810692	38.00179563733567	0.9114486226151051
CMTSOLUTION_201005160652A	1.7320308812807712	0.17313405234169535	8.382709660683787	0.9495572674362482
CMTSOLUTION_201111142208A	0.8490476171225847	0.22710145623814207	12.27047037271282	0.6104628705455332
CMTSOLUTION_200807080913A	0.9466841168524189	0.02753983384750599	12.943331347989819	0.991942560373322
CMTSOLUTION_201306020543A	1.0044330199270515	0.033345801961790746	193.61794202937017	0.9768285326866771
CMTSOLUTION_201110292224A	NOT FOUND	NOT FOUND	9.70668822187108	-0.4792393315869601
CMTSOLUTION_201011030251A	0.9275111970797257	0.04489280286344534	77.8574809937827	0.9666754493523071
CMTSOLUTION_201302221201A	1.0189218310179005	0.01665842630212824	28.466096083158845	-0.9446845005985803
CMTSOLUTION_200805071645A	1.2308297189642239	0.05858070816240507	422.2283943924183	0.9644059692467192
CMTSOLUTION_201211112215A	0.9921828167317079	0.07685384184654277	125.32945979129143	0.9703465703098765
CMTSOLUTION_201307072030A	NOT FOUND	NOT FOUND	4.898146645939178	0.5099771900436263
CMTSOLUTION_201104211337A	0.614440594126773	0.04451006942336382	98.55452334197739	0.952970591896634
CMTSOLUTION_200906050330A	0.9567860751448196	0.17716657346078218	1022.2617269107238	0.8032211935358595
CMTSOLUTION_201105192015A	1.4146649940820388	0.28613847280838023	128.02440693884893	0.7991493039094765
CMTSOLUTION_201308211238A	0.8798758675576835	0.03433763474319484	72.82925668255038	0.9554968453360151
CMTSOLUTION_201005090559A	1.6541757491300457	0.2262633044057123	4044.6016300379597	0.8941986415840346
CMTSOLUTION_201102112339A	0.908186936544645	0.05017612494441279	6.137455203722482	0.9791172463521047
CMTSOLUTION_201206230434A	NOT FOUND	NOT FOUND	84.04943768499773	0.43843977149235647
CMTSOLUTION_201211141902A	1.0462944632458122	0.021352925898503048	380.5318847175341	0.9941571197883673
CMTSOLUTION_200909071612A	1.9742398943420922	0.049079066008810394	72.69081795390593	0.7490883372196321
CMTSOLUTION_201307151403A	0.944047868020773	0.025408750258036187	917.1968978744012	0.9570868338856338
CMTSOLUTION_200808281522A	0.9242829044796397	0.05463714936349195	651.4735886757359	0.9929020164499998
CMTSOLUTION_201309040232A	0.9522191004452821	0.05814296120570539	251.59426764781963	0.9896744417550546
CMTSOLUTION_200806061342A	1.1163286547145996	0.14572458789517437	35.359424842843936	0.8817960425205329
CMTSOLUTION_201403020937A	0.9757074593757683	0.04339367266999187	449.8876492779559	0.996240380007095
CMTSOLUTION_201102202143A	0.8829662645736739	0.05446682297901914	252.1250228027204	0.9930305229189403
CMTSOLUTION_201110060039A	0.9246273047834125	0.06106393714751535	32.30762382759805	0.9811576260932364
CMTSOLUTION_200808151025A	1.2713592075258289	0.03467509905956189	107.33341783190812	0.9104556432322456
CMTSOLUTION_201309260118A	NOT FOUND	NOT FOUND	38.32947735465529	0.1308494837779294
CMTSOLUTION_201009261212A	1.417646949400364	0.07772600035695912	31.712561765488285	-0.8775371649784293
CMTSOLUTION_201001171200A	0.9783263107153339	0.05631431213749941	80.96952125857534	0.9842328967210893
CMTSOLUTION_201101290655A	0.8826166075226692	0.047249403559022615	1441.7015580626417	0.9810956189214665
CMTSOLUTION_200906041725A	0.8981050315029792	0.01487919580210968	196.85996236254869	0.9422697754726236
CMTSOLUTION_201108311217A	1.0453197485250743	0.032318616529071836	50.582939487860074	0.9754742364858274
CMTSOLUTION_201311191332A	0.9965614417740699	0.13421634836443738	78.22636135662033	0.9330877491416384
CMTSOLUTION_201208301343A	0.8598753832649071	0.051538129319972543	1330.5170675033785	0.9886840951725793
CMTSOLUTION_201103151523A	1.04739158084018	0.2027045992793823	53.182643434909565	0.890704822214142
CMTSOLUTION_200812061055A	1.4150126860107692	0.13692729976347573	70.87258533536115	-0.9160614853193623
CMTSOLUTION_200803131328A	0.8768836818757446	0.00907179048926882	63.87429649447598	0.9140897195434504
CMTSOLUTION_201012201841A	1.5795667241854794	0.30876828105674226	711.1122778634381	0.8145879078171927
CMTSOLUTION_201006121926A	1.3149569654319777	0.0851044721333186	17578.855318319755	0.9450567622774438
CMTSOLUTION_201208192241A	1.1212971599588422	0.06984763832916506	101.87328447404892	0.961002150534991
CMTSOLUTION_200806132343A	1.141501783933187	0.02592027824648524	2428.9487330756824	0.9665869850355514
CMTSOLUTION_200802231557A	1.5206719117640932	0.18693195438392105	136.47201099226262	-0.8103456033130135
CMTSOLUTION_201003250529A	1.1465055668605584	0.03351527830053236	52.535337133271085	0.887648490573304
CMTSOLUTION_200812282259A	0.9897901011392406	0.037075562601553674	22.528410214132908	0.9644653626385521
CMTSOLUTION_201107191935A	1.8983405080125642	0.14061823032577359	159.21171305637276	0.7889229946793839
CMTSOLUTION_200901031943A	0.9832784829476039	0.06210771394100943	3965.155285383209	0.9225967009496243
CMTSOLUTION_200905241617A	NOT FOUND	NOT FOUND	33.2530680652319	0.4603893882546163
CMTSOLUTION_201209140451A	1.4834961766887922	0.11135908048551237	47.09921993783719	0.7848319382821272
CMTSOLUTION_201003140057A	0.7143000285611883	0.10157735529117652	178.54897156907612	0.8924866456458198
CMTSOLUTION_201106261216A	1.0681033291063193	0.08623655209174791	413.23527294312794	0.9676716173024631
CMTSOLUTION_201212101653A	0.8246963893186031	0.14317976993439108	809.1010881210996	0.9000780054453484
CMTSOLUTION_201109030449A	0.9726312340520041	0.0819814489525177	867.7516902377163	0.9799337523799028
CMTSOLUTION_201207260533A	1.2169518455725659	0.039521827109572326	953.5027047284116	0.9839032401370857
CMTSOLUTION_201307020737A	2.066288300752492	0.3216349795114853	109.90342068303974	0.8298438001723528
CMTSOLUTION_201003201400A	3.168674906389938	0.327863322635858	206.31944815866547	0.9294440174028727
CMTSOLUTION_201008151509A	1.1654812844426619	0.12796258890006626	78.31037357725282	0.9546966500652004
CMTSOLUTION_201111231924A	1.0100961699927766	0.13310538305268485	174.14884094283582	0.9420661680444535
CMTSOLUTION_201007181335A	1.048894115874488	0.07782296128098491	4894.251645772923	0.9663635878400664
CMTSOLUTION_201109220322A	1.1769118486059704	0.007009775430090097	302.7037401361264	0.9966682219478257
CMTSOLUTION_200801040729A	NOT FOUND	NOT FOUND	44.1707683117326	0.4708601687800427
CMTSOLUTION_201307060505A	1.577274108220933	0.09508352891170911	57.08770544203868	0.6449025952468693
CMTSOLUTION_201308131543A	0.9288563498222308	0.047769781006553345	426.674289900413	0.8226896320296975
CMTSOLUTION_201103010053A	0.8271310275013563	0.06881591057645066	37.74394436262914	0.9621550249495758
CMTSOLUTION_201007042155A	0.852660319056675	0.10305208710610438	83.74540743406489	0.9497834189863704
CMTSOLUTION_201110130316A	1.7522043914118337	0.07828045080561973	97.49548285668924	0.9409354580145045
CMTSOLUTION_201302012216A	NOT FOUND	NOT FOUND	63.0499458467092	0.3995441511139046
CMTSOLUTION_200809180141A	1.2064060361446562	0.02321457843605728	69.12999594443846	0.9776963479323141
CMTSOLUTION_201108241746A	0.8082066690762412	0.018674585828233087	931.4569772342613	0.9642969061843583
CMTSOLUTION_201208020938A	1.5061047769611093	0.21819149252340703	64.81967970719376	-0.9292903122358153
CMTSOLUTION_201110180505A	1.099237776581379	0.07115223569058668	182.8627398849996	0.9689739882552304
CMTSOLUTION_201110060003A	0.926795159946684	0.07056820954795145	320.9875255661003	0.9825185822004893
CMTSOLUTION_200810231004A	1.2929977202356553	0.13150121110141752	162.09238182449056	0.9104803389628192
CMTSOLUTION_201107230434A	0.8613735404946067	0.12514027091566046	283.8502886125215	0.9603251266339013
CMTSOLUTION_201109150800A	1.2081717106868761	0.07079146723625725	201.87221930753833	0.9543804214739678
CMTSOLUTION_200805291546A	0.8707019625010946	0.07571506621161131	2811.565833459237	0.9874199939535003
CMTSOLUTION_201101171920A	1.1552956198728173	0.017033906486586568	36.53896927130264	0.7358691393167053
CMTSOLUTION_200812172157A	NOT FOUND	NOT FOUND	63.25503710755786	-0.3673768340041081
CMTSOLUTION_201112130752A	1.1063718036266499	0.09406023647995837	45.168759817602876	0.9169468052401177
CMTSOLUTION_201202140134A	NOT FOUND	NOT FOUND	33.547428878059804	0.5228604475990297
CMTSOLUTION_201103310715A	0.8752728470366599	0.11861177496967443	180.10074183164994	0.9627155600204679
CMTSOLUTION_201010251442A	0.8726499808389118	0.05688851289554054	915.1665324239774	0.8045347425812807
CMTSOLUTION_201310011941A	0.9263839467783797	0.05456937570738091	98.01530421971182	0.9804287218012164
CMTSOLUTION_201008040715A	1.35283554547357	0.16437424859132216	166.4868409202333	0.9244543944763921
CMTSOLUTION_200809110020A	1.1882797598720662	0.161375259573456	4545.2998273254525	0.8703740343821206
CMTSOLUTION_201303190329A	2.3033962556502345	0.132975894614305	39.16681256320074	-0.8586381124142791
CMTSOLUTION_200803291730A	1.1830695341528745	0.038613748282347635	181.4781277836642	0.8552210238129877
CMTSOLUTION_201205220000A	NOT FOUND	NOT FOUND	44.52154060158384	0.32223375646508307
CMTSOLUTION_200802121250A	0.939424115968765	0.03619825261152186	626.410260389019	0.9751572489040661
CMTSOLUTION_201204170350A	0.8659494264001982	0.07393723382957408	739.6807471786944	0.9905072761098516
CMTSOLUTION_201007232315A	1.7590441189667396	0.07138831847254697	19.826988906948444	-0.8032885433349836
CMTSOLUTION_200805121111A	1.0846718972648568	0.13919143027792977	5.942046811507259	0.8400006986204622
CMTSOLUTION_201103111946A	1.0369636273999354	0.10361764635688503	31.764164913957174	0.9781547410262088
CMTSOLUTION_201306151611A	1.254635305530692	0.027231598768919788	368.0648488124773	0.872043862021945
CMTSOLUTION_201210170442A	1.0101690495030506	0.05061491322085746	18.359165521842502	0.8173234117475532
CMTSOLUTION_200905031621A	0.8351153166348673	0.04051496147750576	204.98668177916863	0.9844532912327781
CMTSOLUTION_201208311247A	2.004499630187939	0.20431230585227314	1352.9909952338776	0.856805539821151
CMTSOLUTION_201103151331A	0.9110324552675553	0.028561224534282986	107.42990889203448	0.9930119616793625
CMTSOLUTION_200807231526A	1.001944412991485	0.12363993432759601	768.7600143718314	0.9565790646668965
CMTSOLUTION_201103220944A	1.3283455317910962	0.15763988789152114	72.92669038504069	0.907226057228864
CMTSOLUTION_201108041351A	0.9229445663296427	0.14421576107887876	109.38791115592292	0.9040531521945647
CMTSOLUTION_201004112208A	NOT FOUND	NOT FOUND	137.7104375255928	-0.14555527088979725
CMTSOLUTION_201204021736A	0.9976259835516554	0.0659132584295338	81.49356380776749	0.982561601196417
CMTSOLUTION_201212150449A	0.980586649612722	0.08102967836595217	29.35436624557273	0.9507637740149869
CMTSOLUTION_201104112308A	1.6253384684804273	0.09105708066268003	146.26222200546633	-0.9286249198523017
CMTSOLUTION_201012020312A	1.111778416454949	0.03203152547448739	855.8540673941376	0.9876538791114702
CMTSOLUTION_201210280304A	0.9314499462062957	0.04093178077608091	40867.158866994214	0.9810380596513322
CMTSOLUTION_201008132119A	0.9837695957013185	0.06837968154263922	2597.704811108876	0.9332684429240757
CMTSOLUTION_201212110618A	NOT FOUND	NOT FOUND	18.606595216331705	0.4938966620135903
CMTSOLUTION_200903122323A	0.960345502709158	0.055254394633855064	549.5069526580756	0.9787682053986093
CMTSOLUTION_201111082205A	NOT FOUND	NOT FOUND	15.920749746544733	-0.524199120369129
CMTSOLUTION_201103111859A	1.052592739858974	0.10478749073857059	26.671350741605064	0.9771826730881721
CMTSOLUTION_201005311951A	0.8928780990238162	0.043138053319518394	501.9558928228079	0.9405442897286774
CMTSOLUTION_201203271100A	NOT FOUND	NOT FOUND	32.09903230695165	0.5851333284914123
CMTSOLUTION_201003080232A	1.5543376545076217	0.0584182232225834	475.0576284560888	0.9772391787569842
CMTSOLUTION_201302012218A	NOT FOUND	NOT FOUND	69.17479245571937	0.3264018065723996
CMTSOLUTION_200902170528A	0.6909250847592555	0.0396486241208434	6.7063080295225	-0.9192877250421819
CMTSOLUTION_201305190907A	1.0953988193005013	0.016830116636801746	69.99550816850696	0.9524657599417944
CMTSOLUTION_201008221023A	NOT FOUND	NOT FOUND	30.79721906060411	-0.11548358281345338
CMTSOLUTION_201005031027A	0.9677271781083014	0.0721214452522818	164.07419279288564	0.9937608604827887
CMTSOLUTION_201103101708A	2.673046141677885	0.14640263844492657	127.49227275559409	-0.9014119014623041
CMTSOLUTION_201209252345A	0.9207490191399718	0.06465322779294735	232.42923261218186	0.9417774177032636
CMTSOLUTION_201204210125A	1.0090257605700224	0.012669550988679917	557.116172595855	0.9593975863476071
CMTSOLUTION_201010080349A	0.9430160390057536	0.05559415777926641	1031.1516879988396	0.9912100106157581
CMTSOLUTION_200904210526A	0.8565805017694574	0.0877614643585509	107.47045758436116	0.9674098185587582
CMTSOLUTION_201110210802A	1.1071235055083244	0.061560913395494195	132.49574452084443	0.9698318598979367
CMTSOLUTION_201112110147A	0.9025565464148289	0.046284754783568915	407.10544319598864	0.9913216419135641
CMTSOLUTION_200907300737A	1.3534880325350593	0.1015908227433542	8.933529854357488	0.862722583136643
CMTSOLUTION_201304162255A	NOT FOUND	NOT FOUND	39.49790008053764	0.5610614413713969
CMTSOLUTION_201102151333A	NOT FOUND	NOT FOUND	168.1827301824162	0.2351722576731531
CMTSOLUTION_201103111902A	1.0246792024305629	0.09742887967827192	27.115424968119264	0.9555865006580591
CMTSOLUTION_201111300027A	0.8496796839805217	0.005127191109351602	169.19385085911995	0.9964725153189306
CMTSOLUTION_201006160358A	0.9702321617393125	0.04497034903120498	584.177781942716	0.9848655132419629
CMTSOLUTION_201001051311A	0.9736627784770279	0.183784091852509	123.46678742213783	0.8619299086237604
CMTSOLUTION_200901081921A	0.9630083071819596	0.04018598407872425	234.09934831351205	0.9834374361303635
CMTSOLUTION_200812190831A	0.9609529360999491	0.07062100940827844	508.66195843470393	0.9787349910440954
CMTSOLUTION_201305180548A	0.9829514807397706	0.14546235232179244	80.71679042773015	0.9387606995474778
CMTSOLUTION_201107241851A	0.9622990618093002	0.12726079776102633	492.443221990768	0.959580043740952
CMTSOLUTION_201301302303A	1.1110696661953932	0.05004226235642828	6.791204172616611	0.9402633225700112
CMTSOLUTION_201212141036A	0.6253383838809333	0.03801008445616469	68.55046556745353	0.9437912206762342
CMTSOLUTION_200901032233A	0.8514755496680059	0.17660820066415986	38.3420980539288	0.961748141066028
CMTSOLUTION_201304220116A	0.9864893021077252	0.05003499870211529	170.2811178643387	0.9914468522422065
CMTSOLUTION_201202260617A	0.8499028108815909	0.08831276144404268	1361.8058993966008	0.9703680708829565
CMTSOLUTION_201401250514A	2.521603415526648	0.029254592535306878	59.60273578759471	-0.7383579842554752
CMTSOLUTION_201207282004A	1.2143479715801753	0.07441163969152222	390.3343438790006	0.929358745596454
CMTSOLUTION_201306131647A	0.8817439859068081	0.11268464496414313	220.79281030911255	-0.6826742599011695
CMTSOLUTION_200803142232A	0.8996081343835748	0.037410972254807946	53.44913044849911	0.9232771380958159
CMTSOLUTION_201012130114A	1.0741251488247825	0.09680264168400904	85.52515632549495	0.9754258660363839
CMTSOLUTION_200807282140A	0.8593422918398961	0.08531222657369948	169.25914121885828	0.9547615294035396
CMTSOLUTION_201207081133A	1.1253143468801037	0.12966007907247654	82.20746779648479	0.8529056380076829
CMTSOLUTION_201001181556A	0.9431734316085503	0.03739038228732839	106.6472822573891	-0.9591009320305155
CMTSOLUTION_200907120612A	NOT FOUND	NOT FOUND	24.40942425283819	-0.583037491135869
CMTSOLUTION_201111140405A	1.3012051077677496	0.013931497981809513	313.1849279115133	0.8780115367854129
CMTSOLUTION_201201270133A	1.0863810104769056	0.03681650978380441	142.2264252361587	0.9884465822327007
CMTSOLUTION_201104011329A	0.8303536249060036	0.03417508366431704	77.03754119955191	0.9794593585286984
CMTSOLUTION_201211130431A	0.9002294785167713	0.016674007941692385	120.68354375219818	0.9621640970911207
CMTSOLUTION_200802211416A	0.9569552976896659	0.05426252004912347	100.16971599035165	0.9786742784151802
CMTSOLUTION_200802251806A	0.8497404170650568	0.02880262691690913	145.36945632562663	0.7261394660243222
CMTSOLUTION_201004302311A	0.9059773107177943	0.0635565300744451	3281.0623144289484	0.9885264715980007
CMTSOLUTION_201104032006A	1.0559756565109137	0.17308602151267116	368.05759649665396	0.6159879078752221
CMTSOLUTION_200901222016A	1.4498492410719745	0.05365208742928051	52.49161726742548	0.9469314448266523
CMTSOLUTION_201001090551A	NOT FOUND	NOT FOUND	21.346172093378364	-0.07281274348401749
CMTSOLUTION_201210281854A	0.9131401428804995	0.038805683605555204	989.3894002387644	0.9887738901041058
CMTSOLUTION_201208020956A	1.2602207811401471	0.14888882124426112	80.91607273918997	0.9647680273371514
CMTSOLUTION_201208111234A	1.1020145526557021	0.059740431531942785	1376.2916010507963	0.989247789152693
CMTSOLUTION_201310300251A	1.366210720968358	0.09282827715769282	87.99496890801936	0.9349203021109208
CMTSOLUTION_201305210155A	0.934358648671295	0.027243584178957853	106.97676566294638	0.9877124020400807
CMTSOLUTION_201305110208A	0.49723517018181157	0.01086569216478598	257.268449300033	0.7111516860700298
CMTSOLUTION_201401261355A	1.626924461041581	0.059779755173273746	344.62549363257085	0.9124699747718727
CMTSOLUTION_201107250050A	1.0638596471520676	0.07824652538460938	1005.6502060076753	0.9757778699278647
CMTSOLUTION_200805250821A	NOT FOUND	NOT FOUND	216.25974905374832	-0.381274003494584
CMTSOLUTION_201002012228A	0.8956133506147766	0.005769195973963833	86.57106967153732	0.9412641040339268
CMTSOLUTION_200901062248A	NOT FOUND	NOT FOUND	8.799986215778862	0.29534662200872647
CMTSOLUTION_201209120327A	1.8675994708168149	0.037662501450779366	24.13023696578899	0.8207592430543712
CMTSOLUTION_201206292107A	NOT FOUND	NOT FOUND	545.9396234274516	-0.2973397041307894
CMTSOLUTION_201101122132A	1.346533405156328	0.0652421581844708	82.11931474653528	-0.9487192405205325
CMTSOLUTION_201211110112A	1.0815014890060923	0.10650223046496737	1883.411836183413	0.9849198020786564
CMTSOLUTION_201111221848A	1.299594064814366	0.043020554024016264	275.11831465158446	-0.839639341667388
CMTSOLUTION_200904281954A	1.6120070560017024	0.1858831507398151	24.69467492460692	0.9334799773207012
CMTSOLUTION_201001020845A	0.9480397742318635	0.04829923076118916	83.13045871302734	0.9146382606607213
CMTSOLUTION_200809101100A	0.9417714447952824	0.05973977210533345	4021.8269405898554	-0.9828689305394565
CMTSOLUTION_200904152001A	0.712126380042156	0.02788291362772398	34.93853126299781	0.6536529849404554
CMTSOLUTION_201204061615A	0.9200465536433581	0.0723834624759779	76.30688499406334	-0.9823236736420946
CMTSOLUTION_201104071432A	0.8046668008277095	0.07853243644556893	71.46136520936173	0.958147558155221
CMTSOLUTION_201012211719A	1.0756456478659149	0.054752864000965726	4705.297905828007	0.9479906780899168
CMTSOLUTION_201007232208A	1.7918907949697325	0.0982431388247981	2362.0856854033364	-0.8021190783595986
CMTSOLUTION_201001051215A	1.0283657558116517	0.19727275360586077	606.0869889742966	0.8700134350576795
CMTSOLUTION_201110270804A	0.8786356187103329	0.048503444594736385	7.011472838378102	-0.6782362707918262
CMTSOLUTION_200902151004A	1.1277704289861334	0.044890384954038395	79.97673441818303	0.9905933174887258
CMTSOLUTION_201111011232A	0.8765776960830076	0.0755757350711872	146.0066989835491	0.9656503529707613
CMTSOLUTION_200803222124A	0.7008934310109147	0.062353713694195144	111.64776561565134	0.9905611598529315
CMTSOLUTION_201311220651A	0.499911442411142	0.11111456595182667	19.137573678375357	0.6031100092324455
CMTSOLUTION_201007161853A	NOT FOUND	NOT FOUND	12.080283571273032	0.2696362489017395
CMTSOLUTION_201103140612A	0.9686339916806531	0.122727580416253	96.22369715919427	0.9428303585981077
CMTSOLUTION_200801051144A	0.9349406513850365	0.04084229566535188	83.10102692295749	0.9871340118191845
CMTSOLUTION_200803031349A	NOT FOUND	NOT FOUND	270.3889947453549	-0.44123081746008275
CMTSOLUTION_201304061126A	NOT FOUND	NOT FOUND	12.191304118664515	0.4882056345252125
CMTSOLUTION_201102101441A	1.0726281960110506	0.03309236460262649	365.171187404552	-0.7976048208611515
CMTSOLUTION_200807190927A	1.3975135676060193	0.03912941179578275	403.76304992516964	0.9734922035384757
CMTSOLUTION_200812130827A	NOT FOUND	NOT FOUND	19.70429682556197	0.3639346447912946
CMTSOLUTION_200911280604A	1.0787972652322486	0.1223442074608641	102.77414980684934	0.9023287499260266
CMTSOLUTION_201010080326A	0.9420567531113296	0.05231920287565943	1016.7846061379818	0.9867274531511883
CMTSOLUTION_201309161501A	1.1550805112560136	0.11178372112600087	45.36310084225275	0.9296285184834547
CMTSOLUTION_201106210204A	1.270347640686535	0.09334921259249208	45.020546057017356	0.8895803304519867
CMTSOLUTION_201210252305A	1.1090019865884047	0.14913896334683716	74.7776551275406	0.8951556048186217
CMTSOLUTION_201302160437A	1.043821131441552	0.08658404449653453	91.50169099431811	0.9614392285108976
CMTSOLUTION_201302060635A	1.3688100675306003	0.14568004282686367	5.0996354107191735	0.9404584583928868
CMTSOLUTION_201209081051A	0.8645560528695854	0.1056975042237484	96.5192913413362	0.9661588673302255
CMTSOLUTION_200809110000A	1.896281615763236	0.0961086581097095	5552.134139918993	0.6073171782367375
CMTSOLUTION_200802210246A	0.9549987442037915	0.09173360983735714	1601.541969264133	0.9544947838811064
CMTSOLUTION_200802080938A	1.0289196727388228	0.043878458155747535	6657.386604985597	0.995043278935729
CMTSOLUTION_201006300722A	0.9710975301424916	0.05831296771769559	73.78599203117365	0.9707039008816496
CMTSOLUTION_201212070818B	1.5588097224881807	0.2828104546640963	4236.019475676216	0.7661245814769405
CMTSOLUTION_201103170413A	0.9209425555168947	0.10903323375609862	27.909130397808088	0.9626865616797062
CMTSOLUTION_201103091816A	NOT FOUND	NOT FOUND	12.826351241460241	0.17138173385473968
CMTSOLUTION_201205180200A	0.7769528728992202	0.01539432279901816	684.0584637305344	0.9875082047393682
CMTSOLUTION_201301050858A	0.9084976290689075	0.04474032944817853	74042.20154657448	0.9840098480486622
CMTSOLUTION_201104131957A	1.214048294108291	0.223002389116307	197.79139512737777	0.8469964652108436
CMTSOLUTION_200908160738A	DiffNPTS	DiffNPTS	DiffDelta	DiffNPTS
CMTSOLUTION_201201211847A	1.035474175780661	0.08545799306420795	137.70343038751258	0.9392478701989022
CMTSOLUTION_200904181917A	0.7993082132356827	0.09091719705989222	616.1741934717553	0.9556541807681368
CMTSOLUTION_201209301631A	1.0785714180430002	0.05240671868668181	5194.446631499728	0.9934623701181141
CMTSOLUTION_200901221340A	0.9884233232227513	0.13007446085795202	98.49092014672087	0.9205893923104772
CMTSOLUTION_201103110546A	1.0721470831028106	0.20330256535367222	425030.5519967667	0.8429138744730271
CMTSOLUTION_201302060154A	NOT FOUND	NOT FOUND	160.68979347704555	0.5011569753231189
CMTSOLUTION_201211150920A	6.092484831772299	1.0255563944476198	87.83558879632834	-0.9291152926298244
CMTSOLUTION_201309210139A	5.7009360417253685	0.3872712702694458	41.85108770584312	-0.8441419013973613
CMTSOLUTION_201008031208A	1.3176728437333083	0.02409185460636802	217.5988196110025	-0.8869473283284616
CMTSOLUTION_200912240023A	1.8211828273006454	0.13254745468179904	79.87968850519667	-0.7988751228434884
CMTSOLUTION_201205031009A	NOT FOUND	NOT FOUND	17.77923593669805	-0.19840096022221426
CMTSOLUTION_201209051442A	1.0050236352469368	0.06114234368980922	2484.6257209969253	0.9911263147780389
CMTSOLUTION_201106201635A	1.0780335101071892	0.056659895640282905	806.2164463998945	0.9949043159604247
CMTSOLUTION_201002060444A	0.9273367203768537	0.017792534181360127	134.38760522725246	0.9901210413754595
CMTSOLUTION_201104230416A	0.7575339707367157	0.07494976894676408	2708.0278516474664	0.9750683667522005
CMTSOLUTION_201107202204A	0.9958433242000468	0.037499501783434246	35.38997667524421	0.7964038096048504
CMTSOLUTION_201003140808A	0.9857421509391961	0.1281151604708499	716.1814891225774	0.9631655427162678
CMTSOLUTION_201108190536A	1.5495153208425994	0.05903883763652591	30.84551977436109	-0.9699085818670704
CMTSOLUTION_201211101457A	0.6057188946607114	0.007680841967842044	22.748452601038572	0.9024221759004362
CMTSOLUTION_201012231400A	1.962215134299213	0.059071877228158584	288.04131625780553	-0.6867891151393466
CMTSOLUTION_201208270437A	0.9346935368981659	0.03364558579252023	4085.0106306758844	0.9940054600460329
CMTSOLUTION_201205031520A	1.3864421181620479	0.16295432306495142	26.374319503505582	0.9492054380273208
CMTSOLUTION_201004110940A	1.2296057473213147	0.1001556965680453	356.87115462732197	-0.8772648527994747
CMTSOLUTION_201008201756A	NOT FOUND	NOT FOUND	29.448791820214172	0.3499384562680843
CMTSOLUTION_201309251642A	1.1809394185772697	0.010545006489881574	334.83656966865567	0.9827343886194879
CMTSOLUTION_201211021817A	0.8938682521791919	0.038788837314721915	52.499172538465864	0.9008261336205237
CMTSOLUTION_201103151327A	0.9021872283293851	0.02176771988320935	103.35641519109724	0.9911651548161011
CMTSOLUTION_200904161457A	0.9555842250176727	0.07677499029409952	225.59927126906257	0.9682124062799369
CMTSOLUTION_201007101143A	1.017436001696117	0.13589681696223901	421.1325269549505	0.9659587849795008
CMTSOLUTION_201201151340A	1.1058048596428016	0.048053638855505815	256.61583242743734	0.9297433963263669
CMTSOLUTION_200809031125A	0.9981179777319594	0.036239106567168715	47.8566304910554	-0.8482011131795355
CMTSOLUTION_201012222149A	NOT FOUND	NOT FOUND	42.48095146180191	0.5686149609366018
CMTSOLUTION_200802252102A	0.8943836092119836	0.00942966324396696	74.93393179205401	0.6878887137355129
CMTSOLUTION_201309011152A	1.4328428894228344	0.07596752492872198	265.809977239673	0.8671112085599583
CMTSOLUTION_201101190917A	0.9098377285291689	0.221397709158024	7.129771698439904	-0.6633569487339444
CMTSOLUTION_201309241129A	0.6032637927207236	0.08515063144443331	102664.35033087741	0.9004315574001704
CMTSOLUTION_201103272223A	1.1051660946977915	0.053585759045789376	243.18251207266945	0.9367812998954856
CMTSOLUTION_201303011253A	0.9422141288551406	0.023333986629517075	565.4765553672365	0.9158576342280806
CMTSOLUTION_201006260530A	1.196579364745059	0.016451479639178607	1267.9382793991695	0.9894411187986557
CMTSOLUTION_201111170157A	0.9593828803134559	0.013956454145175557	87.97057427587902	0.9848881789732828
CMTSOLUTION_201107251757A	NOT FOUND	NOT FOUND	104.8892668181824	0.5365166176754447
CMTSOLUTION_201402030308A	2.144801918283721	0.19322785144578253	208.76685586699222	0.9231272475304253
CMTSOLUTION_201004172315A	0.9908107284761356	0.04285808435870672	352.7556282194963	0.9897809333670643
CMTSOLUTION_200912260857A	1.0272210605754986	0.03157771161781743	109.67715230973755	0.9786441543433876
CMTSOLUTION_201109051755A	0.8817099359755001	0.06252885810214807	351.9687217799103	0.9313104641801112
CMTSOLUTION_200802141208A	NOT FOUND	NOT FOUND	15.495685089796009	0.3512620860481976
CMTSOLUTION_200801091440A	0.9568094466691147	0.05102482691147038	141.72125520950792	0.9772232122151766
CMTSOLUTION_200804281557A	0.7765326739727098	0.00546013874015376	27.34219784918971	0.9599618596556125
CMTSOLUTION_200906140558A	1.1320458725154672	0.0430087920504334	310.9073737968587	0.9227084894020641
CMTSOLUTION_201103241355A	0.8317485198016032	0.14199117311919834	4676.535243664923	-0.6484799721416303
CMTSOLUTION_201211122042A	0.7571293404290934	0.017013991445954356	200.76381717096854	0.9232022615703868
CMTSOLUTION_201112110954A	0.9889068740790162	0.0764060955416641	376.31658643666503	0.9836616865307277
CMTSOLUTION_201309032019A	0.9242620968118355	0.04373893101586155	613.6162454340803	0.9839880332358344
CMTSOLUTION_201309111244A	1.1946627233641371	0.016274042414244835	41.98600263964098	0.8244034370146448
CMTSOLUTION_200910041058A	0.5948409418796279	0.15940778091432187	103.89943418172128	-0.7829993642577396
CMTSOLUTION_200810051552A	0.715002796528346	0.024775064229251423	2170.4872534509946	0.9491665687860951
CMTSOLUTION_201304011853A	0.8924327012723863	0.16340742050100796	119.72326248307785	0.9336536337691642
CMTSOLUTION_200909072241A	NOT FOUND	NOT FOUND	107.04974316461487	0.2233502207954622
CMTSOLUTION_201205200719A	1.195504152019147	0.2553689007004802	231.11103093428122	0.8534355992560875
CMTSOLUTION_201308171632A	1.0081240916208534	0.1023493881724861	200.10910742752657	0.9903990306937599
CMTSOLUTION_201010041328A	1.2251305975073363	0.12486671321766632	56.219677755531556	0.9274025485849114
CMTSOLUTION_201101240245A	1.053432685755211	0.07973542570900229	98.89741292818594	0.9913189637550581
CMTSOLUTION_200807150326A	0.937856545973296	0.13344832530887177	1318.0860381071445	0.9137305094956508
CMTSOLUTION_201103061432A	0.9732940660994832	0.09973199609092233	35.46186479979089	0.9784387206139771
CMTSOLUTION_201310062133A	0.7523164794113257	0.02855208354023354	46.88584992786842	0.8970073827465816
CMTSOLUTION_201012080524A	1.0920650573295425	0.08604928735681579	140.1543719955932	0.9856188867460148
CMTSOLUTION_201112012135A	1.010270800994381	0.03245665024382754	22.62665838068755	0.9743177957735463
CMTSOLUTION_200802161445A	1.0963754717075962	0.0504047095458225	222.3287526468177	0.9938426628960881
CMTSOLUTION_201103110615A	1.146883167230434	0.20571175768868666	9371.048630898062	0.762465393765915
CMTSOLUTION_200808050949A	1.4427663135248978	0.16121981047471712	104.15346596462251	0.940545973307361
CMTSOLUTION_201211080201A	1.0038996548095038	0.10918822292508705	93.81640864817307	0.8317197922663917
CMTSOLUTION_201205012243A	1.0329786226937967	0.06319382906001852	92.17516354541081	0.9467067221088351
CMTSOLUTION_201103092124B	NOT FOUND	NOT FOUND	208.2529844523616	-0.12047010954691073
CMTSOLUTION_200908200635A	0.9358596693212855	0.044791900722451275	653.720974588146	0.9839243991931194
CMTSOLUTION_200812201029A	1.411707105887341	0.32241221468339676	187.45970282827267	0.8200402823497287
CMTSOLUTION_201310241925A	1.063902038038859	0.1177958000382394	64.37879403591585	0.8585757107785005
CMTSOLUTION_201103291054A	0.7460633701140601	0.04120388983822635	217.43118454254184	0.8396456230626083
CMTSOLUTION_200801221714A	1.145645387244092	0.15036223209819882	78.6697086427438	0.7494851880053309
CMTSOLUTION_201107301853A	NOT FOUND	NOT FOUND	1354.5248637575364	0.47182599765750816
CMTSOLUTION_200806271140A	0.972754945452519	0.21855819382026148	651.1971697987692	0.7961234096713389
CMTSOLUTION_201304091152A	0.575139022909981	0.056670933321379804	215.3916602283713	0.9651719431267943
CMTSOLUTION_201003301654A	0.8383961416452391	0.019018092638693643	376.3898599903241	0.9823690070052046
CMTSOLUTION_200912191302A	2.2275165165412543	0.12508158278127235	403.27754747101994	-0.7568556063085415
CMTSOLUTION_200904251718A	1.0147794364917078	0.06046755219528327	49.59073543360831	0.8723450863552855
CMTSOLUTION_201305200949A	0.9199619131789475	0.034142405067883325	334.95185378633926	0.9662374043392586
CMTSOLUTION_200802091833A	2.071147890363148	0.3050289642113657	143.44329818355905	-0.8910423586787881
CMTSOLUTION_201006160316A	0.9706747151203833	0.043822370698016845	1802.8982084180316	0.9871065854595998
CMTSOLUTION_201201231604A	0.9344055804554431	0.06879032940276818	88.59643804934427	0.9631578099763104
CMTSOLUTION_201109161926A	0.8449090747417702	0.16607378450232108	1112.3393520590234	0.9157618274392979
CMTSOLUTION_200902111825A	1.4487470228656074	0.15952342562959487	45.51408420852826	0.8643872272098406
CMTSOLUTION_201105111647A	1.7453692642767633	0.20257840932478738	62.73807628073857	0.9061399435277387
CMTSOLUTION_201011300324A	0.9748142216421257	0.16880617559862587	192.07840378425112	0.611049514541332
CMTSOLUTION_200801202026A	1.2197189105591255	0.09313353611896061	70.09848158649493	0.974372083254234
CMTSOLUTION_201201260424A	NOT FOUND	NOT FOUND	95.39264730388021	-0.10413521748209222
CMTSOLUTION_201103110625A	1.0668689019948174	0.20157160788959452	140.3880256831744	0.8670780436464977
CMTSOLUTION_201308120053A	NOT FOUND	NOT FOUND	81.5931012488239	0.45852907325489717
CMTSOLUTION_201303252302A	0.9086426643259495	0.013463849299174314	101.08479911774353	0.9798029105295152
CMTSOLUTION_200802241446A	0.8627889816214357	0.047406961298859254	86.36176477659087	0.7698704998534485
CMTSOLUTION_200801011855A	0.8671842091197204	0.07928284720573812	320.90604209713956	0.9663814873797858
CMTSOLUTION_200904170208A	1.4563278250141927	0.0900412479906883	59.09014232807088	0.9634184933943425
CMTSOLUTION_201004140125A	3.0625928408875596	0.2702044581249099	5.486113857277347	0.8478612832220033
CMTSOLUTION_201207251120A	1.3350220112653306	0.05693643652849476	301.9721075481324	0.9646561886205394
CMTSOLUTION_201008041258A	0.8906666064874861	0.04674626802733767	453.20136067657404	0.9904013960095699
CMTSOLUTION_200811190611A	0.9834346791825788	0.06149255349666843	278.33948866549053	0.9830026659915656
CMTSOLUTION_200808220747A	1.2041904578201463	0.05080537026692633	147.94903915197796	0.9282816418996604
CMTSOLUTION_201103092124A	NOT FOUND	NOT FOUND	216.72500186331112	-0.11455869464632885
CMTSOLUTION_201010080543A	1.0904278878994222	0.038735678089817635	16.621903601975536	0.9708293274345934
CMTSOLUTION_201309170409A	1.1313542794433418	0.11660463785631264	18.046170035059667	0.7891914398481044
CMTSOLUTION_201005051629A	1.4021712590343893	0.14403215142512613	109.83894763009891	0.8968140934498671
CMTSOLUTION_201203141205A	1.1829290952194165	0.05298092554569342	5.824448551001613	0.9361119897543918
CMTSOLUTION_201007240535A	NOT FOUND	NOT FOUND	9.293006168864252	-0.45276364412202463
CMTSOLUTION_201307170237A	1.1554688775433064	0.06314345838742917	50.02421602123873	0.9514839942532803
CMTSOLUTION_201203201802A	0.984604970854128	0.068820643824051	3443.3671891082504	0.9768387886447042
CMTSOLUTION_201204120715A	NOT FOUND	NOT FOUND	1708.211867968077	0.5493166194568153
CMTSOLUTION_201212231331A	1.601966712956599	0.02716058656224097	78.34105693366442	0.9844642228339812
CMTSOLUTION_200909062149A	1.226712007384621	0.07004691149107171	220.9739098802984	0.9754526719589304
CMTSOLUTION_201208151749A	NOT FOUND	NOT FOUND	22.118906167346715	0.3251633448034028
CMTSOLUTION_201302021417A	0.9307505849547556	0.05462413596096074	2006.6739238639711	0.9877467261561883
CMTSOLUTION_200802200808A	1.4647786818594237	0.07322515629556285	3780.1431965579036	0.8672338684192006
CMTSOLUTION_201110052352A	0.9330751563889359	0.07202908217169897	324.61364330219885	0.9807324693632608
CMTSOLUTION_201104110816A	0.927929616138147	0.07725058860435409	1526.4457487628947	0.9544675316167394
CMTSOLUTION_201103121315A	1.0042447888273034	0.11770148116945553	194.01146096615645	0.9676996016436122
CMTSOLUTION_200811210705A	1.1966725765789312	0.12275552252430168	55.205215739875136	0.8710368140403367
CMTSOLUTION_201311250627B	1.0798219349479836	0.038549378266949604	688.9062883734684	0.994955383760298
CMTSOLUTION_201311170904A	1.0617010076620348	0.10087159159385467	4723.505801042788	0.9641686973651235
CMTSOLUTION_201403022011A	0.9764791345314909	0.06049124554112892	968.5278751724998	0.9866147774317722
CMTSOLUTION_201304300625A	1.066748745791587	0.06678301598265085	220.02557251915428	0.9788487621054199
CMTSOLUTION_201310060137A	0.9087920862250485	0.06278660860805481	65.94684597248325	0.9317099671288992
CMTSOLUTION_200901151749A	1.0627855033415616	0.3909989497940738	2810.624293719663	0.6640216088547458
CMTSOLUTION_201102251307A	0.8790427412028367	0.08157144455941967	80.88740335285036	0.9806493704805004
CMTSOLUTION_201305210543A	0.9311006955449885	0.016826874047219914	50.20184466856156	0.9843378517688828
CMTSOLUTION_200808251322A	0.8946672238825217	0.171307968756842	1233.4686669273337	0.8748913347752534
CMTSOLUTION_200902121315A	1.2505907912702816	0.07699982974757556	133.4412949474308	0.9515324330237257
CMTSOLUTION_201110140335A	1.0951358104695441	0.11747175249288312	565.2596299435813	0.9501976620082607
CMTSOLUTION_201108222012A	0.8548604140265312	0.0658760718355526	54.21663140524849	0.797731789286489
CMTSOLUTION_201109162108A	0.7673906466749407	0.06933269398569693	8.162018654242319	0.9258517960666801
CMTSOLUTION_200810111040A	4.3093904469119995	0.0794659269079363	106.23239251194981	-0.8551387982525255
CMTSOLUTION_201104300819A	1.0299118126751379	0.047567068077439274	176.23411870776928	0.983066078635187
CMTSOLUTION_201207091355A	1.0893822203609134	0.010448806968355328	18.611813487007687	0.7012768244948326
CMTSOLUTION_200904190523A	1.4012346386900034	0.16651904500497428	46.830153440367575	0.8035035824563851
CMTSOLUTION_201008140730A	0.9250016729703149	0.04525429808723902	378.1323295978213	0.9571386453762051
CMTSOLUTION_201104231012A	1.3206936320209288	0.05962387476617211	27.095509502877057	-0.9580267517938399
CMTSOLUTION_200809250147A	1.2251125963587262	0.174957861909154	113.19879490001863	0.6394728545813834
CMTSOLUTION_200806292053A	1.0507126437463765	0.13896277232250678	11.98037141817467	0.9117818265767593
CMTSOLUTION_201101270838A	1.9054664241987318	0.43387006989546706	838.7621283317947	0.7463885790625847
CMTSOLUTION_200801300732A	0.8288603956638406	0.026786366703041187	103.3232806902759	0.9355981256460778
CMTSOLUTION_200906200828A	2.067267026922492	0.2225201063302926	9.730794027794218	0.723602040073542
CMTSOLUTION_201203261035A	NOT FOUND	NOT FOUND	7.3104681588987015	0.4914043294621526
CMTSOLUTION_201110251455A	1.1363945392272214	0.19979886075972125	83.50806160033856	0.8705786359652118
CMTSOLUTION_200911281810A	0.9521645013581979	0.012107813033651786	61.26945803174125	0.9747636431378328
CMTSOLUTION_201204112241A	0.7924410223100279	0.07694878432356468	172.44293527646735	0.877491418241186
CMTSOLUTION_201309070013A	0.9379767612829124	0.04774729601716291	1031.1244396797088	0.9902324674371381
CMTSOLUTION_201310010338A	1.6617612167409723	0.14762219513230276	211.10612109411187	-0.7900063404372889
CMTSOLUTION_201003040159A	1.102382663116803	0.05065438226040268	11.080481498053324	0.9826963135723934
CMTSOLUTION_200806010157A	1.1335109827389496	0.07373174369275906	135.96087693344106	0.8242833492857817
CMTSOLUTION_201307081530A	0.9534926609452631	0.0709140129893138	11.672330153907339	0.9920226405580028
CMTSOLUTION_201210080626A	2.457458670377555	0.8160232422516334	52.714763505256016	0.608774737548863
CMTSOLUTION_200909122006A	1.0228898873695365	0.048866886264140826	595.569497242488	0.9964655250498322
CMTSOLUTION_201009090728A	0.9549352631539493	0.048863877783868345	45.81454438760942	0.9097872552295732
CMTSOLUTION_201201300511A	0.9264769433181652	0.029630338537208506	430.41321731697786	0.9923009441431857
CMTSOLUTION_201311132345A	0.967833307370234	0.020530636568912054	28.902866924321245	0.9776982777168534
CMTSOLUTION_201007290731A	0.5104284601319199	0.15212109525567652	106.07260104422716	-0.7398066086331149
CMTSOLUTION_201312010124A	1.3707274355484687	0.08396361298096748	235.99747419907214	0.9430810248628881
CMTSOLUTION_201211070626A	1.119716279497797	0.06221122277842823	192.26253541015978	0.9809935218148086
CMTSOLUTION_201103070009A	1.5047839162436332	0.22537976183675834	170.9816971156364	0.8092067384380203
CMTSOLUTION_201002050659A	1.0663404057344683	0.11891540519297188	104.12735474496793	0.7196743367247797
CMTSOLUTION_201302060112A	NOT FOUND	NOT FOUND	918.9039944612064	0.3536019090230911
CMTSOLUTION_201202140819A	0.7981141942496734	0.07190809411835633	161.72379667793086	0.9397456752764831
CMTSOLUTION_201111241025A	0.7081725447877109	0.1195439060966313	69.08834468008114	0.8869103609970883
CMTSOLUTION_200802041701A	1.0383775727262572	0.035784713737718264	153.14838252815957	0.967098462494508
CMTSOLUTION_201102112005A	0.86945179887779	0.06831742419961681	872.0483503953872	0.9542478256827454
CMTSOLUTION_201311241805A	0.5872152579461358	0.08984033895229408	27.275378060773225	0.7824004828156945
CMTSOLUTION_201212230638A	Error	Error	Error	Error
CMTSOLUTION_201007210916A	1.0853207262197875	0.01905094056281532	102.75222739792767	0.9799133882992898
CMTSOLUTION_200909210853A	1.2631966483888288	0.035973152522051514	133.97931045110974	0.9632681624904981
CMTSOLUTION_201206072054A	1.34012042099535	0.09224103645847974	17.830245247708774	0.8994070476229982
CMTSOLUTION_200902221745A	1.6917538950169333	0.3394803345497245	60.87525941208215	0.7691778161269307
CMTSOLUTION_201203142113A	1.0251473574551855	0.09452975477595524	239.41778078180414	0.9799101688726257
CMTSOLUTION_201304232314A	1.014961425679211	0.06815496378954415	735.0293697908825	0.9831944254273299
CMTSOLUTION_201206051931A	0.8541828045496211	0.05954818532624903	285.1370181175137	0.918932932463077
CMTSOLUTION_201205242247A	0.8940668572322648	0.05311961467350811	1523.137261630503	0.981615389011512
CMTSOLUTION_201309040018A	1.420726975748999	0.07583318360680154	563.5527978331928	-0.8677265638529191
CMTSOLUTION_200807190239A	1.0726268267411438	0.11529314285948557	3162.740502274827	0.8748677653697292
CMTSOLUTION_201106160003A	1.0917417648069612	0.056976979228017526	2139.39601579874	0.9620805885446712
CMTSOLUTION_200806081225A	NOT FOUND	NOT FOUND	464.0996221587836	0.4371016493083651
CMTSOLUTION_201111080259A	1.010932124330946	0.054603046686867954	1451.2478590009991	0.9674994639917551
CMTSOLUTION_200810291132A	0.9727266672776684	0.044880018362080686	597.4571800518896	0.9228212878216853
CMTSOLUTION_201101182023A	0.8816477184315427	0.011395036217349412	51004.48069154071	0.990644337869534
CMTSOLUTION_201308310638A	0.9243214541568843	0.05764483469202014	301.3971850983811	0.9825982226432345
CMTSOLUTION_201009171921A	1.220015535691524	0.043970251829534304	50.91579613883779	0.9531737608960082
CMTSOLUTION_200908091055A	1.1506597783617933	0.1174489758461256	803.7104280760219	0.90755415342182
CMTSOLUTION_201106131431A	1.0521471461696124	0.05160901325205417	397.0011673871413	0.873243916496628
CMTSOLUTION_201011230901A	1.0459584379926465	0.20210128700400512	101.77803458332507	0.8910493048025272
CMTSOLUTION_201203050746A	1.1525131688485961	0.026401127886756127	25.131439486675745	-0.9421343330037858
CMTSOLUTION_201004062215A	1.3655991387133304	0.06598702565462179	7873.170084557476	0.9633613323837753
CMTSOLUTION_201111281226A	1.6013699639633858	0.047649225825861674	74.42980672468552	-0.9111850971609082
CMTSOLUTION_201303011320A	0.9380245348344727	0.02169793971031019	759.8024670847326	0.9250240693158208
CMTSOLUTION_201105080650A	1.063988080362959	0.04528483575923478	73.67390908317049	0.9826579709517023
CMTSOLUTION_200804160554A	0.9621542062977615	0.06713761597750197	1732.6073396291995	0.971205624121017
CMTSOLUTION_201003042239A	1.048072552024938	0.05307158721073143	292.6686429042187	0.9851811018453885
CMTSOLUTION_200912171455A	NOT FOUND	NOT FOUND	97.09442691045058	0.17199249004064213
CMTSOLUTION_201111180600A	1.0039330045551444	0.055451317250830974	79.16774583512988	0.982495768574114
CMTSOLUTION_200811221600A	0.41001314239895925	0.016279196229870688	627.9499192050891	0.9773735348659454
CMTSOLUTION_200810060830A	1.1246347612228031	0.08858064857957973	743.7647006423786	0.9584042979196153
CMTSOLUTION_201101261542A	1.399189544764407	0.054054928841429754	73.79933115879328	0.8333613922801576
CMTSOLUTION_201002112156A	NOT FOUND	NOT FOUND	145.36079743207404	-0.10869017359187384
CMTSOLUTION_201004071433A	NOT FOUND	NOT FOUND	31.58466322756269	-0.29851467953560734
CMTSOLUTION_200910010152A	1.4240643309486396	0.19650941473119024	1033.4777733346743	0.7926406328817905
CMTSOLUTION_201008181628A	0.9108186927294749	0.03707930433139277	257.4660771299454	0.9561956444162102
CMTSOLUTION_201212151930A	1.2839286433660604	0.08042352628268967	39.826855651513625	0.8317125233294088
CMTSOLUTION_200806150837A	1.2192248909171863	0.13596577031355062	76.67803072738577	0.6712789798813557
CMTSOLUTION_201204161123A	NOT FOUND	NOT FOUND	22.021062284200358	0.3494662365185146
CMTSOLUTION_201311221830A	0.5349407573449391	0.07937653739880252	30.842376938446357	-0.6840971435329211
CMTSOLUTION_200908020854A	0.8376574390465704	0.07872192860559733	40.200375045367934	0.9822684438307965
CMTSOLUTION_201101010956A	0.8920428816749744	0.04161823934183184	1168.7606376931808	-0.8598852370927109
CMTSOLUTION_201004051005A	1.1761606939093867	0.04244304551722623	112.47999798897234	0.9322136306739108
CMTSOLUTION_201009031116A	0.8842417481932037	0.055674148888407854	720.5873460968286	0.9845864949319811
CMTSOLUTION_200808300654A	1.1474612598368907	0.02803716469721735	719.5441086507446	0.968710494674168
CMTSOLUTION_201008160330A	1.185606571087034	0.04068918006532879	187.07474519704368	0.9370144981519475
CMTSOLUTION_201103061231A	1.1103739437559206	0.01879458384673374	100.01538446330227	0.8092993446422305
CMTSOLUTION_201103120147A	1.0256408278891904	0.047041000076095046	209.84090607073105	0.9749706090521904
CMTSOLUTION_200803242039A	1.0940843647051586	0.037562820920597866	178.04209198763414	0.9936198758467248
CMTSOLUTION_200810110906A	0.7956976690835437	0.15946298647871449	257.78590847682847	0.94315666054616
CMTSOLUTION_201309151621A	0.9730985542604027	0.06478478007808311	177.25666534825842	0.9847291835104705
CMTSOLUTION_201103220919A	1.405248558546115	0.13536875734390416	35.31001073021474	0.9138708440086533
CMTSOLUTION_200903061050A	0.8601753414718152	0.05336508921775282	1324.749002945092	0.9897027740242221
CMTSOLUTION_201311031103A	NOT FOUND	NOT FOUND	12.540603220545432	0.15213400409913125
CMTSOLUTION_201002152151A	1.505302088570551	0.016995418494399055	121.41118992744074	0.970827645846039
CMTSOLUTION_200808211224A	0.9436232500120169	0.10217499848407942	307.5700096245544	0.9702435990994338
CMTSOLUTION_201310061638A	1.1032594830061488	0.03916688330734957	84.79014728833775	0.9909685477098793
CMTSOLUTION_201112072223A	1.1636635725109716	0.00397171892771154	57.695704456715845	0.982101131280659
CMTSOLUTION_201008042201A	1.0469409686119149	0.11376611536709036	2151.6381267717584	0.7973398720906403
CMTSOLUTION_200907081923A	1.0350510637949837	0.039936244175454806	100.86992827472932	0.9600696839283318
CMTSOLUTION_200902111734A	1.428989949541332	0.18475872442925956	2511.745303116088	0.821651132793273
CMTSOLUTION_201108071435A	0.9017875906760306	0.1200901053755887	12.11886886333247	0.9430200022500524
CMTSOLUTION_201205141000A	1.0640787593337975	0.006655334443732958	160.01214419892108	0.9821447589136634
CMTSOLUTION_201206172032A	0.8759357356630606	0.12224090322034757	354.48942795980224	0.9557702756234814
CMTSOLUTION_201003040018A	1.7475598851334202	0.16267906183462005	155.4385758205027	0.9525294992864917
CMTSOLUTION_200812081839A	NOT FOUND	NOT FOUND	246.96209907100905	0.389863439622767
CMTSOLUTION_201002271545A	1.5196946599335799	0.32174100584393434	4.945151503993422	0.6022576062674667
CMTSOLUTION_200804150303A	0.8710108052749315	0.09292804196785504	82.53756133747967	0.8972911843520307
CMTSOLUTION_201302060007A	NOT FOUND	NOT FOUND	2213.200994217032	0.4522571546670158
CMTSOLUTION_200805092151A	0.8945502664071002	0.032528700239414114	1348.391429509175	0.9637259955970354
CMTSOLUTION_201105061620A	1.000800133427202	0.04385572052981521	35.24633806028514	0.9967499894524727
CMTSOLUTION_200805231935A	1.0068323382903905	0.03989084006478047	3391.6224884350295	0.9859826295356693
CMTSOLUTION_201302061153A	1.3940352930544597	0.12175352373624776	6.830294095294327	0.9387459452354296
CMTSOLUTION_200908170005A	0.8791451934731913	0.0869917436043106	15987.362102312542	-0.7711495794147247
CMTSOLUTION_201401130401A	0.9970459167476129	0.05826018905589185	349.8085784747688	0.905733993312377
CMTSOLUTION_201301310333A	1.1974097066111007	0.03153650125724717	25.008464935998983	0.7548400397451465
CMTSOLUTION_201011031813A	1.3166141902474016	0.14486185028296095	24.866819820856424	0.6890717332131768
CMTSOLUTION_201303102251A	0.8601222756765396	0.082399115413294	890.1873161514336	0.975963146863877
CMTSOLUTION_201305280009A	0.9395126919196826	0.14207150211434283	17.72119430578676	0.8998461700945037
CMTSOLUTION_201304161044A	0.993828564975412	0.0345329681399241	119666.08840921072	0.9977564647467883
CMTSOLUTION_201107312338A	1.0777080239723424	0.03399993793919804	2045.1087695774909	0.9583384151102465
CMTSOLUTION_200904010355A	1.1435546325960149	0.041263706045959296	794.7033121250113	0.946460714676198
CMTSOLUTION_201105142107A	NOT FOUND	NOT FOUND	371.20332469521657	-0.06458504406665577
CMTSOLUTION_200909301016A	0.9628389637965197	0.02216176179491529	9620.24972056944	0.9950622440794316
CMTSOLUTION_201103200826A	0.857155647090886	0.12749172267574566	44.28988612903897	0.9469935465757898
CMTSOLUTION_200905280824A	0.8505027067172836	0.09342583908756671	1442.0193277648013	0.9171376186057018
CMTSOLUTION_200909031326A	1.1918646075653543	0.010491112014502873	66.80049140350388	0.9773961766143371
CMTSOLUTION_201106030005A	1.0053814035673712	0.050197577845373355	401.963895111325	0.9649236656774106
CMTSOLUTION_201003261452A	1.1431511664259177	0.014829553903134986	44.76765699246639	0.940457973638829
CMTSOLUTION_201006180223A	1.2210291647692841	0.04221958963017357	174.50651805595686	-0.8365780859342659
CMTSOLUTION_200808112338A	1.022485297312616	0.06712208754897837	271.024313803431	0.9844263430894836
CMTSOLUTION_201102140340A	NOT FOUND	NOT FOUND	35.144899555223965	0.5914969467227429
CMTSOLUTION_201306162139A	1.3570674664348115	0.03809411959668443	409.1539836808795	0.8887292192474617
CMTSOLUTION_201309061133A	1.2086429295507473	0.059108318812917254	32.837124571239656	-0.7365507308735586
CMTSOLUTION_201312281521A	1.1887964368073962	0.031081120820083054	152.98584980506274	0.9640396394159093
CMTSOLUTION_200810140206A	NOT FOUND	NOT FOUND	11.819726507132362	-0.44771964041270396
CMTSOLUTION_201206071603A	1.1232755897739268	0.09371765226081359	33.03391981627303	0.9590717374561101
CMTSOLUTION_201010211753A	1.6779418952625194	0.4123816827900798	935.7802487505912	0.816333518002246
CMTSOLUTION_201103220718A	0.885729445870047	0.027193860331852948	778.6021212952189	0.9495464701061977
CMTSOLUTION_200908050018A	2.4749894900648832	0.18850074470324918	100.36906626355157	-0.9351591177462766
CMTSOLUTION_201007180556A	1.2837217436580506	0.33141594615444975	504.9790187719582	0.9470484852330732
CMTSOLUTION_201111231217A	0.9607929449089733	0.07997626140076665	115.0272289612032	0.9629285169477687
CMTSOLUTION_201203141049A	1.4693182916762724	0.6042640943241014	7.883288424784056	0.7585604918829648
CMTSOLUTION_201110140610A	0.8443122901150886	0.049038024883023244	32.943848493239855	0.9840923715349764
CMTSOLUTION_200908101955A	0.7483408688164767	0.026949602889998467	5444.28145548121	0.9676017515133393
CMTSOLUTION_201309040023A	0.8711956833564618	0.051295921541653154	1115.2762179252677	0.9838935082773151
CMTSOLUTION_201003160221A	0.9599942521075396	0.049537894663281457	388.60678306696707	0.9375143049369412
CMTSOLUTION_201007181304A	1.0478258364846018	0.07908970850240035	4539.601746727416	0.9690442673069676
CMTSOLUTION_201010031521A	NOT FOUND	NOT FOUND	18.807138088489822	0.5925400222751652
CMTSOLUTION_201102041353A	0.9811599814748393	0.05483320385322434	574.4007007952683	0.9877904528503324
CMTSOLUTION_201007300356A	1.013212372514617	0.045821014010284995	308.9488103416873	0.9819336814945157
CMTSOLUTION_201210240045A	1.0246593812764342	0.0518625377017816	380.6316685892064	0.9940938430856563
CMTSOLUTION_200805191426A	1.3238716408034596	0.10495771052318024	102.65475894718531	0.9783091443350308
CMTSOLUTION_201205071415A	0.750208291547342	0.024848411226061344	24.328649547563483	0.9623680592553966
CMTSOLUTION_201106222150A	0.9103885382742718	0.12758595857109142	1190.9274162689958	0.9302445411705227
CMTSOLUTION_201401261845A	0.585793183480297	0.09649853204258017	37.732197503261524	0.7036937507544007
CMTSOLUTION_201106011255A	1.0259656976869	0.05650603015337364	88.46884142084497	0.969947255394225
CMTSOLUTION_201209262339A	0.8487370550496853	0.03041305807493571	281.1164466090612	0.996026730144001
CMTSOLUTION_200801060514A	0.7737869092021052	0.09526198445523858	414.8495854854058	0.9179142427886721
CMTSOLUTION_201209031823A	1.4781942769315704	0.05637547507674867	45.62948493412178	0.8885275651675405
CMTSOLUTION_201105132335A	1.0362728476304734	0.12587589437559113	69.3501695815576	0.9365474317808465
CMTSOLUTION_201008121154A	0.9992842058646306	0.03662854115756762	2576.8659771395423	0.9961529216954017
CMTSOLUTION_201005060242A	1.5671802045445187	0.09649118568505165	124.34363456137473	-0.933341030589542
CMTSOLUTION_201005251009A	0.9507522106424854	0.04683428032776998	980.4005877769098	0.996108198844522
CMTSOLUTION_200806281254A	1.2371285789767428	0.0810663246468348	174.11152717507818	0.9647391351552299
