event	E	sd	signal/noise	char_func_max
CMTSOLUTION_201308120949A	1.0501133578294914	0.07733955013597738	195.09137521863718	0.9894319651987682
CMTSOLUTION_201005241618A	NOT FOUND	NOT FOUND	290.1228400622938	-0.5896906605893616
CMTSOLUTION_201402101206A	1.2390727698752189	0.11708801939084683	42.81767649702064	0.8826476730571907
CMTSOLUTION_200802141009A	0.6451355985216807	0.0985136629238944	3235.2931383320324	0.884105219557277
CMTSOLUTION_201003111439A	0.8380625987877851	0.0912356424786932	5371.946062999235	0.9446153955182468
CMTSOLUTION_201201101837A	0.7286311810421291	0.04769670819491658	4546.265264220416	0.7571536751369852
CMTSOLUTION_200906062033A	0.9550927994497886	0.05918058336646196	107.15439959954224	0.9872133130224098
CMTSOLUTION_201304060442A	1.0580154057718667	0.08277595072935837	1793.8571090001897	0.9706724829785712
CMTSOLUTION_200810122055A	1.2397503311704516	0.5373652454756521	105.05601159286607	0.7006260855135618
CMTSOLUTION_201208261505A	0.9266469429802561	0.06661774293568493	631.6582523973696	0.9280949545861705
CMTSOLUTION_201111072235A	0.4328819277229574	0.037689173888794454	79.38674983754395	0.9141590270927573
CMTSOLUTION_201103112011A	1.139399236834531	0.07438729786912113	7.010480908199278	0.9751169018615967
CMTSOLUTION_200907040649A	0.9106351089101338	0.11230329186442789	154.86431883144502	0.9549355304887704
CMTSOLUTION_200802131958A	1.849231019527713	0.12510125672287456	286.5330547798584	-0.9491927169249167
CMTSOLUTION_201304201312A	0.7820923542354674	0.0494551018944336	93.97229911753855	0.9365626427593523
CMTSOLUTION_200905191735A	0.9795753676282474	0.041829156100299636	90.5127751434012	0.9625905301802686
CMTSOLUTION_200811240902A	0.5540944104914143	0.07517954041183315	2149.727249510837	0.9085627052678253
CMTSOLUTION_201305140032A	NOT FOUND	NOT FOUND	264.8734318530436	0.5761715855556984
CMTSOLUTION_200808100820A	1.4014668449112135	0.16652135729709786	460.67682674779263	0.8856947473475524
CMTSOLUTION_201102120117A	1.0050393325807685	0.09296922733523755	17.39286066371313	0.9069028319261254
CMTSOLUTION_200807080742A	1.1148599133176085	0.09315214617917274	106.47452379380621	0.9813103845245525
CMTSOLUTION_200906162005A	1.0911026647816338	0.13055293450564825	255.28284880017674	0.9504317255396012
CMTSOLUTION_201101022020A	0.8920703470053518	0.04584795646536099	2582.5088355119165	0.985383073072038
CMTSOLUTION_201004042240A	1.0677325018431245	0.10667312419894871	2053.6338054393723	0.9307410923712378
CMTSOLUTION_200908280151A	2.2191125787907717	0.19269235403241036	1084.3886263139887	-0.8785981470354635
CMTSOLUTION_201204150557A	0.7870378168471607	0.08823841345343497	240.40876685959182	0.8631926945059009
CMTSOLUTION_201307041716A	0.8373508435894675	0.11027232808494167	71.07146091598798	0.9733414883694721
CMTSOLUTION_201012151129A	1.6819684891995215	0.20663529695346652	33.85644480859388	0.6658517531283633
CMTSOLUTION_201310041726A	NOT FOUND	NOT FOUND	648.5188369688776	-0.5219122503472788
CMTSOLUTION_201306061153A	NOT FOUND	NOT FOUND	17.144694374113037	-0.37105791202150373
CMTSOLUTION_200804190312A	1.109892362923441	0.3323514845898677	142.35454204194136	0.906865391767088
CMTSOLUTION_201009270008A	0.9848753726560187	0.06305536599165196	191.78084679110555	0.9898338062367938
CMTSOLUTION_201401282222A	1.0070868610723591	0.0765638736490792	119.16119722988631	0.9805849379155359
CMTSOLUTION_200806050216A	0.831466640079007	0.024650460206367665	131.75162651339198	0.9777430192922014
CMTSOLUTION_201111300047A	1.0684563779282013	0.09209272407494866	133.39606584990167	0.6336665700666464
CMTSOLUTION_200801090826A	1.6637516480336492	0.2186015035370113	2387.5727226904883	0.8518759645958767
CMTSOLUTION_201210141013A	NOT FOUND	NOT FOUND	78.24201009728685	0.5850576732886802
CMTSOLUTION_200808042045A	DiffNPTS	DiffNPTS	DiffDelta	DiffNPTS
CMTSOLUTION_201004302316A	0.9045442538505163	0.06565239684822188	4994.0149763502395	0.9907076327225499
CMTSOLUTION_201004231003A	0.9639595575765043	0.020786557063883607	204.7687396668333	0.9798429858009158
CMTSOLUTION_201310312303A	1.0058014408121947	0.029259916028762434	845.2261032700803	0.9906416468984308
CMTSOLUTION_200904070423A	1.0380337645011877	0.03896177420102396	3437.214416467532	0.9927482998535907
CMTSOLUTION_201204112255A	0.8959360063830947	0.09804874281153607	241.54561776284254	0.9681343184249944
CMTSOLUTION_201301302015A	0.9568397438798438	0.02035436153526498	1726.594975940735	0.9956609614403407
CMTSOLUTION_200912100230A	2.1920305536588445	0.31079250225629423	166.91448200960036	-0.8359248487840173
CMTSOLUTION_200907061453A	1.0640560424362002	0.031360576279091314	107.81659072586118	0.9828193104923035
CMTSOLUTION_201105280547A	1.0946076502296358	0.02445510133257401	15.308644357302171	0.8162863421891325
CMTSOLUTION_200908031800A	0.5750097135744158	0.07697399337262552	2646.9463529455456	0.8170270560875258
CMTSOLUTION_201006010326A	1.0355384270973422	0.060736227900264894	166.43618329325392	0.9719967913439896
CMTSOLUTION_200805201353A	0.9446010782915387	0.028467681616976038	275.5246420958076	0.9962635875138166
CMTSOLUTION_200808262100A	1.2357246417598897	0.12037348387261844	265.7851584894303	0.9714354351973319
CMTSOLUTION_201005190415A	1.1177773678788696	0.012747929452961696	100.42449848763422	0.9823845415133701
CMTSOLUTION_201204171903A	1.038709773222201	0.013096496883226104	148.7361463094866	0.9118005526970084
CMTSOLUTION_201206070405A	0.9686609504030077	0.062167046589721706	331.3521211888234	0.9898913392372338
CMTSOLUTION_201308070906A	1.082833962122915	0.08698831859726971	45.28980230058305	0.7513263345766442
CMTSOLUTION_200908031840A	0.6464120697650403	0.14038488509014016	846.6767880676971	0.7749610932868732
CMTSOLUTION_200906191405A	1.2266398813918673	0.02548634794437888	186.0485139831962	0.9081770438856056
CMTSOLUTION_200810301515A	5.559822082276988	0.4598659068984898	74.38919177023793	-0.7505692107717544
CMTSOLUTION_201402180927A	3.3796183534364648	0.6043721651889624	246.29355632826315	-0.8617456407007972
CMTSOLUTION_201107160026A	0.9768766220390439	0.02199375818038088	114.06226465226311	0.9724772968240063
CMTSOLUTION_201104071311A	NOT FOUND	NOT FOUND	5195.531455757991	-0.3454666002192294
CMTSOLUTION_201002271900A	0.9881940303918746	0.055378098002905655	15.478821727430578	0.9714087645765938
CMTSOLUTION_201306242204A	0.9377394291793805	0.05389731438669832	3399.6932548209625	0.9919454189717752
CMTSOLUTION_200908171011A	0.8252540547056748	0.08867011043172689	318.2776808221331	0.7128034435589486
CMTSOLUTION_201302010536A	NOT FOUND	NOT FOUND	32.41491840337633	0.2495992007653495
CMTSOLUTION_201201151421A	1.1282088436159796	0.07523439906617115	484.3281198543698	0.9517280161452089
CMTSOLUTION_201306050447A	0.8169545118930052	0.0749557627513209	195.91313548544332	0.9607516438568049
CMTSOLUTION_201001220046A	1.5803697383859492	0.3834682658264022	69.55815527651947	0.669960862489552
CMTSOLUTION_201003051147A	1.0194540445276148	0.11034852620002765	252.37483748079626	0.9743894951751031
CMTSOLUTION_200802270654A	1.153691316796902	0.06725748912352741	76.86092790020788	0.9061545385394669
CMTSOLUTION_200905120126A	1.0443778653203137	0.11753736386666151	130.2502327519739	0.9678372696202329
CMTSOLUTION_201106240309A	0.8659686870849364	0.046072327294710606	21724.6904032334	0.9901094143895792
CMTSOLUTION_201310121311A	1.8773136353262243	0.07730120443191961	1316.3731386645097	0.8591859351580561
CMTSOLUTION_201112271521A	0.9967099872363552	0.04495881974905624	6262.523237939365	0.9949598123832828
CMTSOLUTION_201204200121A	1.0565494331820555	0.10213203215316946	17.01764070710753	0.8857865771640469
CMTSOLUTION_201310311202A	0.9665916603441803	0.2646406926685855	283.62574049657263	0.8259680309063251
CMTSOLUTION_201109181240A	NOT FOUND	NOT FOUND	2672.9173838141505	0.5837596784869242
CMTSOLUTION_201002180113A	NOT FOUND	NOT FOUND	793.9288119297961	0.4004381694327494
CMTSOLUTION_201109091941A	1.0034993984610687	0.01255893697744225	2005.1992120506707	0.992185962534935
CMTSOLUTION_201107161959A	1.2568153206540527	0.091553140370426	59.144291794566044	0.945871524074887
CMTSOLUTION_200909020755A	0.6087603281877504	0.14402837163174265	1968.606351666709	0.8394553169594655
CMTSOLUTION_201011031118A	NOT FOUND	NOT FOUND	62.189874941102914	0.38678232952900277
CMTSOLUTION_200905100116A	1.0398017698838964	0.07389526292457038	549.9056543066067	0.9822272845013021
CMTSOLUTION_201304051300A	NOT FOUND	NOT FOUND	66.67519075158592	0.4001722864377634
CMTSOLUTION_201003031744A	1.0347263997369256	0.1132671523802631	80.26811863597615	0.9641473509750832
CMTSOLUTION_201001032148A	0.9245864737215628	0.043821362748963116	1114.5962032657167	0.9442300800645208
CMTSOLUTION_201211161812A	0.86930884766417	0.060125105376375165	1662.8948888196157	0.9857946526865365
CMTSOLUTION_201007181948A	1.0947431483495262	0.10015929920450983	18.50718296004905	0.9587056717251441
CMTSOLUTION_201103130126A	0.9855130066256597	0.15246691073303512	85.68373284978901	0.8811780649617278
CMTSOLUTION_201208101837A	1.6046680070853678	0.09596152379155694	161.53026528658077	-0.9735961275112968
CMTSOLUTION_201310251710A	0.7586626565182722	0.13884058043529482	5348.193942737742	0.9428927088984573
CMTSOLUTION_200912170137A	NOT FOUND	NOT FOUND	950.2292454933958	-0.1374029987856498
CMTSOLUTION_201205070440A	NOT FOUND	NOT FOUND	198.44409536402134	0.44774728532508346
CMTSOLUTION_201211190944A	1.094795907130791	0.044915877154464746	93.34843922532454	0.8420533966857907
CMTSOLUTION_201001032236A	0.8849361253080622	0.044098235497638666	984.5995508873472	0.9355659513040995
CMTSOLUTION_200802250836A	0.9838216686648359	0.09948030550689135	1071.7055604444379	0.8925493227186566
CMTSOLUTION_201210300249A	0.9379517006927997	0.0659581233414999	1677.6528851910155	0.9819599228690363
CMTSOLUTION_201104091257A	1.8571930713290474	0.03624265315759775	74.96214616939851	-0.8707066967512881
CMTSOLUTION_201005232246A	1.0579589846313195	0.04043081319702642	193.98577753910212	0.9885814356589824
CMTSOLUTION_201203252237A	0.8500282340128459	0.04750567772243712	1625.3327347090644	0.9897597042150489
CMTSOLUTION_201109021347A	1.4018898528254444	0.03966574276560543	15.702508234158843	-0.8759566097529623
CMTSOLUTION_201011100405A	1.3378947716852128	0.2343186027258305	192.72861466616843	0.9177979355620599
CMTSOLUTION_200804231828A	1.2360144423684298	0.21973438741113624	163.39072903751605	0.8788399764600227
CMTSOLUTION_201310120210A	1.1138951776090027	0.08624807918185388	147.54615846419188	0.9501033640486635
CMTSOLUTION_201004132349A	1.3410533792964057	0.23526837232550174	2289.537053047221	0.8923742536804911
CMTSOLUTION_201304140132A	1.1863952405292928	0.06427463147217508	182.78074171745556	0.6223868491031728
CMTSOLUTION_200805071602A	1.18234487955962	0.017544989570197272	1861.689558003054	-0.87501811105396
CMTSOLUTION_201310150012A	0.9064580114531029	0.01620325773142445	6325.684402602883	0.9950728629690061
CMTSOLUTION_200805071616A	1.178252307515339	0.020163497078097732	1919.485469670123	-0.9012284599001584
CMTSOLUTION_201102101439A	0.5656846292127315	0.009039702972297838	211.8221993006776	0.9459425047185943
CMTSOLUTION_201309280734A	0.9808864583546371	0.04746628684944094	10310.431751440323	0.9583575477307567
CMTSOLUTION_200903161415A	1.3566938477513466	0.09397725353348234	246.7175432145538	0.6044132941424784
CMTSOLUTION_201310161031A	1.0689427082573817	0.05314298088259145	698.0087763671633	0.9314071590921903
CMTSOLUTION_201208111223A	0.9938529392839887	0.04413025452798008	3371.328784590217	0.9564599799518778
CMTSOLUTION_201402120919A	1.329083103849917	0.10482727694048538	4293.227698695826	0.652449032828476
CMTSOLUTION_201005141229A	0.8846471032256567	0.07036662198280112	81.47116858836796	0.9822104504400454
CMTSOLUTION_201006160306A	1.7878447419767378	0.04851640438473003	1815.8297045183676	0.9837700011624543
CMTSOLUTION_201001050455A	0.8485559595311426	0.007661411069467426	1058.042564630892	0.7206483558565411
CMTSOLUTION_201206040045A	1.0214627554884883	0.1402208466311335	279.19627031583366	0.9646047070721996
CMTSOLUTION_200909240716A	1.0556290904148293	0.10197722583748307	778.2740736076814	0.9706523764395518
CMTSOLUTION_201206140552A	1.7677848785513521	0.13394344506240766	19.69566469039118	0.8782197694397906
CMTSOLUTION_200811021348A	0.8971356683388314	0.05158454983820804	255.50531209100717	0.989129488371522
CMTSOLUTION_201103090245A	1.4271825769318622	0.19690151559679356	9352.900907450568	0.9281825458608628
CMTSOLUTION_201211071635A	1.289932455572004	0.04433132625029903	8527.675683969424	-0.9294289144992901
CMTSOLUTION_201309040627A	0.909994752393693	0.04959209183519798	85.5915338110949	0.9934408702563073
CMTSOLUTION_200803031411A	0.6343167290517716	0.0637160673764522	635.6236908847138	0.762994102259547
CMTSOLUTION_201312010629A	0.9010873067607343	0.04610451417763948	31.127001053803657	0.8784264805243782
CMTSOLUTION_201005260853A	1.626140489390237	0.04782992262715386	987.8484523811308	0.9352364571073991
CMTSOLUTION_201004022258A	0.9604218775751064	0.017308939352765524	128.87584767943122	0.9797831942755991
CMTSOLUTION_201010251937A	1.0653913543635452	0.03769321796792126	19.212645185861575	0.8660427982126387
CMTSOLUTION_200902120830A	1.2628143579359679	0.2393040059474833	44.93523977472883	0.8106214159485623
CMTSOLUTION_201304200002A	0.9766510825394173	0.10800012779780767	1184.148061968373	0.957109191351952
CMTSOLUTION_201204210116A	1.617226170183047	0.5210120865223483	595.7548751647764	0.773659030983522
CMTSOLUTION_201011030056A	NOT FOUND	NOT FOUND	49.15764791141432	0.3752795807784221
CMTSOLUTION_201003241411A	1.4125735996232773	0.14372073978821226	28.091778493125815	0.8141973181683821
CMTSOLUTION_201204141056A	1.2263824272628172	0.02238316747376074	257.2279562380683	0.9872750782771468
CMTSOLUTION_201305241456A	1.8463232689634281	0.1900631859197347	37.58506178544396	-0.8583962602745826
CMTSOLUTION_201204170713A	1.3689152692603983	0.12766082901723566	114.31433143580641	0.884794042971943
CMTSOLUTION_201203140908A	0.9332893392099554	0.07432476244094761	7180.0063152024095	0.9938423517132612
CMTSOLUTION_201002231025A	NOT FOUND	NOT FOUND	20.001437860690192	-0.2633287421873541
CMTSOLUTION_201212070818A	2.821541779783265	0.5653827413095482	6609.468843301929	-0.7970928354570518
CMTSOLUTION_201003081112A	NOT FOUND	NOT FOUND	13.084570488216853	0.13183598545013644
CMTSOLUTION_201002262031A	1.1303201589688645	0.13398677886877491	4798.560357801991	0.8833238458798904
CMTSOLUTION_200811071604A	NOT FOUND	NOT FOUND	105.61330815168444	0.5996156888869254
CMTSOLUTION_200808270135A	2.223705158964986	0.030170955679194568	428.31486307051426	0.7747213721454235
CMTSOLUTION_200902281433A	1.0065631750883397	0.0764872197617861	96.22276099160993	0.8537544740231202
CMTSOLUTION_200806031620A	0.8080802163209689	0.012817598823269952	225.99427564153868	0.9601303451443206
CMTSOLUTION_200810281600A	1.0128486808657817	0.2177626566379179	269.06125150204434	0.7819367935983274
CMTSOLUTION_201207250027A	1.1252689949912111	0.05771049798463663	91.87028197038399	0.8711963847490323
CMTSOLUTION_201311120703A	0.9581684195472208	0.08356465639611793	469.7354063193544	0.9820173535549507
CMTSOLUTION_201204120706A	0.6698832803790492	0.13375475369717138	2128.2389016789202	0.6409335079918514
CMTSOLUTION_200801051101A	1.0994813317969763	0.08163425489489073	1292.463504844295	0.9863364802139152
CMTSOLUTION_200809101308A	0.9897430874346587	0.06858695981884858	1657.9727797812143	0.990321345036822
CMTSOLUTION_201304191958A	0.9912883915367711	0.08687869009210065	100.3428832396377	0.9318396392797751
CMTSOLUTION_200912192319A	1.0999402207332336	0.020195212697539183	220.89618270279001	0.9523381574704576
CMTSOLUTION_201108102345A	1.1946164772066157	0.01908928422619887	839.8679293199866	0.965965654625553
CMTSOLUTION_201208121047A	0.9144523192456205	0.10257588723718362	214.30033535904215	0.8939726797961911
CMTSOLUTION_200810282309A	0.9767005314110421	0.03760994365095668	1306.5864015739946	0.9451629436265119
CMTSOLUTION_201007120011A	0.9608688213231318	0.022120294895842645	825.383218746282	0.9824563212074815
CMTSOLUTION_201110281854A	1.032275221718027	0.05769556002270548	2211.486344748266	0.9565980629431619
CMTSOLUTION_200912091600A	1.0487359290842801	0.0347566011945481	1181.6740141564242	0.9784599572302829
CMTSOLUTION_201008142301A	0.7730930140391193	0.045036929205421385	314.5721693034696	0.8753247705816024
CMTSOLUTION_201108171144A	1.183477416467974	0.2931738201798019	508.1518052505848	0.7785718523822607
CMTSOLUTION_201206191556A	1.136966786013613	0.0766815793932896	152.99765295828087	0.9655326083555904
CMTSOLUTION_201212070831A	2.7591795870020355	0.6059474379568129	6464.951879408891	-0.7760961577913013
CMTSOLUTION_201110232045A	1.5454817288346954	0.03190773437463582	275.73960973568785	0.8022472479586613
CMTSOLUTION_200807050212A	1.9906692162582644	0.31803470142245566	19023.001826758027	-0.7161975475516598
CMTSOLUTION_200904040531A	0.8420602837561945	0.017742093136513627	301.982483785805	0.9243366687167944
CMTSOLUTION_201007232251A	NOT FOUND	NOT FOUND	163.82033938905948	-0.49079923520200336
CMTSOLUTION_201107112047A	1.2101198078290822	0.058281483799280664	840.0724261135525	0.9672474536941196
CMTSOLUTION_201003111455A	0.8352004081700346	0.0912000515426376	6727.989364420186	0.9352171607548361
CMTSOLUTION_201106230734A	NOT FOUND	NOT FOUND	1948.3442176230142	-0.054663441863036656
CMTSOLUTION_201205231502A	0.9205248513645662	0.01412603567390609	206.40129585202388	0.9922409830451123
CMTSOLUTION_200902162316A	1.1720281855574415	0.14494663104438615	274.11475072781894	0.9585093860070163
CMTSOLUTION_200907010930A	0.9217764061396317	0.0690792590555322	1293.8234810361841	0.8998730745550851
CMTSOLUTION_200902120349A	0.8988455867482346	0.04074893076373664	173.31775440681585	0.9057898988061361
CMTSOLUTION_201310191754A	2.825007873503961	0.08761571066637282	928.4679523188306	-0.8793430708103218
CMTSOLUTION_201205262148A	0.915299896080429	0.06536764994084303	11.005798031086083	0.7234768852169833
CMTSOLUTION_200806032204A	0.821806320662195	0.02698565066591325	43.716518888089404	0.9655695875894289
CMTSOLUTION_201102071953A	2.173945605333286	0.6638433866474263	88.46950332734616	0.9621187627556447
CMTSOLUTION_201007201918A	0.6638901636885016	0.2889702919588999	310.92121045604824	0.8595128909317467
CMTSOLUTION_201303202228A	0.9925142454038355	0.06754980522666713	168.72168459297762	0.985262956328327
CMTSOLUTION_201207200610A	0.8234963352182872	0.04011265934681786	186.99881950894925	0.9333679087104678
CMTSOLUTION_201105151308A	0.8553016446067304	0.01931078642984803	192.82679118758395	0.9668310863091514
CMTSOLUTION_201109141810A	1.1841967442944554	0.13152417599462307	218.8418014800999	0.970748635379988
CMTSOLUTION_201311160334A	0.9865349075224161	0.07146262283446125	1809.637773745454	0.962059765804877
CMTSOLUTION_201301202332A	1.0444304392955837	0.09690432269793496	173.7505415274256	0.9564835605635122
CMTSOLUTION_201002070610A	1.1628450328113453	0.07933158641155626	298.01419106321237	0.6076300299248316
CMTSOLUTION_200807240143A	0.863496293650033	0.052264715184322796	548.9450515279605	0.9791390438173643
CMTSOLUTION_201206040315A	1.367635542662341	0.1796272416145133	29.743546473725395	0.9319961245584969
CMTSOLUTION_200807131458A	1.0436726623633201	0.055971483312285464	406.1243923152864	0.857753659334842
CMTSOLUTION_201006240532A	1.3059962919392887	0.054655730561500325	54.59439900731487	0.9827905790343764
CMTSOLUTION_201206251305A	NOT FOUND	NOT FOUND	20.939576245112555	0.07952582163611496
CMTSOLUTION_200907071911A	0.9209011296435161	0.09511742423053568	456.5271159846929	0.9819665949796271
CMTSOLUTION_200803202233A	2.5037601288056535	0.14018879805645576	14143.211848613868	-0.8929318035516227
CMTSOLUTION_201303240418A	1.0274151403245482	0.06783001426925596	652.1078035966796	0.9849326024875018
CMTSOLUTION_201201010527A	NOT FOUND	NOT FOUND	194.75177405664573	0.32868092287686784
CMTSOLUTION_200804140945A	0.9302341081775222	0.0364668249799126	202.8834601194509	0.9883668321401881
CMTSOLUTION_200811221849A	1.1162502661015732	0.009297843033516835	96.7179464934205	0.9900085633790748
CMTSOLUTION_200803030237A	0.652402322391978	0.067869338482145	51.8081361371283	0.8000659655233348
CMTSOLUTION_201203040331A	0.5575737234132583	0.06551601581015173	33.70262796476937	-0.6849468790263742
CMTSOLUTION_200811010113A	1.2932932925158693	0.1885503592128319	51.290674136409386	0.9422119594684085
CMTSOLUTION_201112140504A	1.069998492434081	0.030460922081397328	698.5190635326214	0.7484322893493909
CMTSOLUTION_201103251136A	1.5667166760205267	0.09169066802931244	267.40030360830053	0.9298443628379266
CMTSOLUTION_201107261744A	NOT FOUND	NOT FOUND	72.83342251839137	0.40371054240105353
CMTSOLUTION_201202061010A	0.784797221532309	0.04086537563536882	9.666577337388588	0.9627068656503744
CMTSOLUTION_201208140259A	NOT FOUND	NOT FOUND	29255.91143284642	-0.49988667188947317
CMTSOLUTION_201003080747A	1.5045960417546842	0.1267309805034975	106.72133017373801	0.8815446825275507
CMTSOLUTION_201208180941A	1.0549131600401367	0.18292752365719625	47.34924913289206	0.8000774092134821
CMTSOLUTION_201301281638A	NOT FOUND	NOT FOUND	442.77160821088364	0.5209557532686154
CMTSOLUTION_200809240233A	0.9486979152193722	0.08812072289508828	1103.5623085942461	0.9826533130892695
CMTSOLUTION_201210120031A	0.8199403204862966	0.10435954785640573	408.79644212615375	-0.7863104731750361
CMTSOLUTION_201007140832A	1.0537434523602438	0.0745497911713982	527.792392974002	0.9716396323761775
CMTSOLUTION_201306151734A	1.2079400069304729	0.06785050674788923	90.11195435090039	-0.9531154788038187
CMTSOLUTION_201105151837A	0.8044190921381472	0.0911068393328287	414.25659515363304	0.9771849244656762
CMTSOLUTION_200806222356A	0.9444052338479416	0.06081935667415717	49.76456211094229	0.9288362922615684
CMTSOLUTION_201109021055A	1.043431548777096	0.06568595053805883	2731.2593913843975	0.9775990542247762
CMTSOLUTION_201107100057A	1.1471181233573418	0.09303075185112768	1504.0215518225275	-0.7608588540741313
CMTSOLUTION_201008240212A	1.0466836031085094	0.10219020472304342	117.20234602050658	0.9305751064659181
CMTSOLUTION_201402010358A	0.8823082281725068	0.06341163671401727	128.83608177154767	0.979760588706016
CMTSOLUTION_200811161702A	3.6427951208571034	0.1980708506431308	10542.412673828438	0.8658434885262686
CMTSOLUTION_201312172338A	1.2521173400914258	0.03956410732458427	113.21227662911406	0.9645626419127125
CMTSOLUTION_200807191101A	1.194143543485841	0.0400071312948796	5.5021998164982	0.958940659027047
CMTSOLUTION_201002281125A	0.8315905206189298	0.020706458463059494	214.09447614724326	0.9918087111084998
CMTSOLUTION_200908280152A	1.4679981603587713	0.16040299306477032	822.531380118169	-0.8766001466096381
CMTSOLUTION_201004260259A	1.0503508686718883	0.22519586076232817	575.8224460273876	0.8706626631835864
CMTSOLUTION_201402262113B	0.41356344264403083	0.05201152621436727	88.50727471737206	0.8844712618844899
CMTSOLUTION_201209190917A	NOT FOUND	NOT FOUND	7.547231655455942	-0.3557729518922953
CMTSOLUTION_201003051606A	0.9770568414409666	0.01397515865713664	230.31476096392618	0.9040802261779795
CMTSOLUTION_200908122248A	0.8934307452369626	0.05462603985421391	1463.91082477341	0.9472106103586756
CMTSOLUTION_200803030931A	0.8676811986108819	0.05041260406218082	1321.81507948095	0.9879809919590261
CMTSOLUTION_201003050919A	1.0119407670739222	0.08788815969565929	100.7165473233778	0.9803361021622652
CMTSOLUTION_201005032309A	0.9227331853018504	0.066733815645538	180.47131482151832	0.9668767816503395
CMTSOLUTION_201302060123A	NOT FOUND	NOT FOUND	624.7477882915983	-0.529219646270683
CMTSOLUTION_201003080947A	1.5210240065101337	0.21976328718196098	19.279353538619986	-0.8600058576087798
CMTSOLUTION_201003070705A	1.0477851825308597	0.03155267459979454	67.99077594966138	0.9696637767115813
CMTSOLUTION_201302170542A	NOT FOUND	NOT FOUND	26.614579743035886	0.46400826407178214
CMTSOLUTION_200906231419A	1.010229791179097	0.04497380869205221	412.02202877081965	0.9554499567360735
CMTSOLUTION_201111091923A	1.3902210127056833	0.12594858863437647	346.4333858807918	0.9147937880174969
CMTSOLUTION_201309050401A	0.9804837968577914	0.07150495251671801	870.3855885357304	0.9496374340377702
CMTSOLUTION_200802101222A	0.8220197452227935	0.027809890676094205	944.5979370433495	0.9636341627808304
CMTSOLUTION_201307212345A	1.1494734760049852	0.038048195407428625	142.7368974621747	0.7342314906293278
CMTSOLUTION_201304210322A	0.9607897670830262	0.06737358194408269	93.55356976502287	0.6463839773192087
CMTSOLUTION_201205280507A	1.1465982125946537	0.0543096860914707	726.6454101539559	-0.7807534237898841
CMTSOLUTION_201209220352A	1.0184627954624965	0.11114057846731117	21.66209118840788	0.7706497724966658
CMTSOLUTION_201308301625B	0.9097609476264568	0.04763619819893992	6349.499540383307	0.9914040008959962
CMTSOLUTION_201105132247A	3.219738355740369	1.4136015900170102	405.4474145400372	-0.6686835222682211
CMTSOLUTION_200907131805A	1.1430128346751094	0.09035881380272862	519.168401169198	0.9856540941165166
CMTSOLUTION_200811100122A	NOT FOUND	NOT FOUND	742.8601518995431	0.26862886221829496
CMTSOLUTION_201309300816A	0.927942256919548	0.0372422739370768	12.798202519941956	0.9972653081373659
CMTSOLUTION_201009291711A	1.8053642665420926	0.2139381773255884	1282.550433878579	0.7263941390564574
CMTSOLUTION_200802201827A	0.6371617677202178	0.05982989424555721	1636.824258565704	0.9395710698013101
CMTSOLUTION_201107190713A	NOT FOUND	NOT FOUND	16.44097557776277	0.3307418762100822
CMTSOLUTION_201110231810A	1.585402072094428	0.04408196143324042	110.19215424510745	0.7385842382666516
CMTSOLUTION_200909172321A	0.8587857720941549	0.048188565679828814	96.98985640936519	0.965290016241205
CMTSOLUTION_201107151326A	0.728533496038938	0.028268116890736612	35.557270376700515	0.9229602200763871
CMTSOLUTION_201104242307A	NOT FOUND	NOT FOUND	1488.8190936425704	-0.13593217272768152
CMTSOLUTION_200805310437A	1.1849297680217512	0.1761751761012978	427.4269829260432	0.872329169321294
CMTSOLUTION_200812182119A	1.0722010757537253	0.03550151303333424	225.72917716216904	0.9825594385496156
CMTSOLUTION_200805020133A	1.0680158935393267	0.04283692618222508	1309.799587835498	0.9741770331992247
CMTSOLUTION_200804241214A	0.848528923455416	0.06487373554367835	326.32609393643304	0.9318235161814474
CMTSOLUTION_200908100406A	0.8192353992500805	0.05788288958124087	281.50966242027073	0.9144428871835272
CMTSOLUTION_200804152259A	1.107982493484425	0.03400353607386146	995.9157482289354	0.9227002426421951
CMTSOLUTION_201206020752A	1.1077182533938799	0.006974679648287539	50.90963901733697	-0.6926859004837491
CMTSOLUTION_201206240315A	1.082209156768924	0.05596854069944817	257.3216387044971	0.9166304119850669
CMTSOLUTION_200810161941A	1.4203747779014608	0.026649942567435084	792.3597051032591	-0.8881625737160763
CMTSOLUTION_201206101244A	NOT FOUND	NOT FOUND	538.3738700027889	0.11141079588237171
CMTSOLUTION_201210012221A	1.7173019820149436	0.20932520897493487	349.8491095557963	0.9046534027091796
CMTSOLUTION_201203201756A	0.7707419564301833	0.03655184391806614	6830.717248272773	-0.9282481417589287
CMTSOLUTION_201203261812A	1.0729471107085728	0.056400039354718705	32.0653989082806	0.9888374095313405
CMTSOLUTION_200801100137A	1.1837521051360733	0.043941279676076535	624.358710146787	0.977872682003839
CMTSOLUTION_201210081143A	1.209478021467672	0.05386094554407993	94.5804917637306	0.8453440459978621
CMTSOLUTION_201003282138A	1.0173054384632798	0.12158940447492587	17.5554811448282	0.8184062362886073
CMTSOLUTION_201307071835A	1.4450131491772786	0.20379796687783835	1187.4856287027585	0.6659076924699169
CMTSOLUTION_201301081416A	0.8476019253132412	0.1773911575904742	355.5009467162182	0.8626413850091206
CMTSOLUTION_201110231041A	2.5938424789140337	0.12766754519478327	26854.695475700788	0.6052447581880822
CMTSOLUTION_200901130104A	1.504144625695614	0.28472149478606557	104.3760494771756	0.7019915376346343
CMTSOLUTION_200806300617A	NOT FOUND	NOT FOUND	2549.820094312521	-0.4829192273305562
CMTSOLUTION_200803151443A	NOT FOUND	NOT FOUND	33.97930849523999	0.5539183898038684
CMTSOLUTION_200803201410A	0.895459757167934	0.05037723852957379	120.19607496580785	0.9211913609581925
CMTSOLUTION_201004240741A	0.7365075837937739	0.1798146690013848	73.87738443912764	0.7060912264599937
CMTSOLUTION_201304190305A	0.8437098068434229	0.038398344541512634	5467.291594041071	0.9874340906422134
CMTSOLUTION_201108161103A	0.7451444945488241	0.03913545028110129	68.02310254680567	0.7239525293827934
CMTSOLUTION_201307220701A	0.8470030909629539	0.004575701348839906	569.2075624035049	0.9876964041887853
CMTSOLUTION_200812250320A	1.2149714956798299	0.024030361657776753	209.571581528466	0.9611249692870282
CMTSOLUTION_201108300657A	0.8692140373958036	0.15491794070227552	910.738656425789	-0.6631021768945541
CMTSOLUTION_201003151108A	0.8118274155211069	0.05402038561287295	46.84047840072136	0.9270731723533193
CMTSOLUTION_201005160652A	1.1386603766094638	0.17153041883505402	12.015730947660082	0.9253458666845885
CMTSOLUTION_201111142208A	1.448692354410056	0.11944572450616793	17.156081699667332	-0.6258946659683982
CMTSOLUTION_200807080913A	1.1926848494528264	0.18092433336158711	10.013395849444422	-0.8828195378757691
CMTSOLUTION_201306020543A	1.124144737171554	0.25298931519902	191.25270834119812	0.8235811358147325
CMTSOLUTION_201110292224A	NOT FOUND	NOT FOUND	17.444714414026425	-0.433325592267865
CMTSOLUTION_201011030251A	0.8735892883774741	0.03162889288136224	96.06511228489725	0.9587761799594051
CMTSOLUTION_201302221201A	1.1405661124688748	0.04904990213294247	45.23463562019528	-0.8441611320719067
CMTSOLUTION_200805071645A	1.185673200460332	0.014251701015348702	328.323226955663	-0.8911979175619561
CMTSOLUTION_201211112215A	1.1943007849877112	0.10683016080571851	203.20621743745545	0.9773128995598742
CMTSOLUTION_201307072030A	1.3034420498204242	0.042085504489776264	5.199741172671098	0.9576230413313866
CMTSOLUTION_201104211337A	NOT FOUND	NOT FOUND	176.75443469691942	0.47319640498029886
CMTSOLUTION_200906050330A	1.9555417183305392	0.10080954090447027	2484.303302554106	0.9262377029848988
CMTSOLUTION_201105192015A	NOT FOUND	NOT FOUND	251.48890517454643	-0.5082123850741505
CMTSOLUTION_201308211238A	0.9405094737573664	0.0450985804246213	87.60314880658426	0.9921000506368759
CMTSOLUTION_201005090559A	0.8186603744334995	0.06513338026206764	3984.1947936351708	0.7649672865324458
CMTSOLUTION_201102112339A	1.0880340292173507	0.08203170805611074	11.62823223740758	0.9441041295467919
CMTSOLUTION_201206230434A	NOT FOUND	NOT FOUND	78.30574322913318	0.4924466019714976
CMTSOLUTION_201211141902A	0.9936480034298136	0.045857310317190966	566.1297221105356	0.9861055669249572
CMTSOLUTION_200909071612A	1.874058128824861	0.11159098125528481	174.31796853507453	0.8624455336148312
CMTSOLUTION_201307151403A	0.8101366047851849	0.13283676348730472	1029.4302451958863	0.8601590983348855
CMTSOLUTION_200808281522A	0.9884595628768204	0.0976342674062548	606.4999848617582	0.961594070644247
CMTSOLUTION_201309040232A	0.9070131485027694	0.0649559296203296	354.08111051669977	0.9863429478084655
CMTSOLUTION_200806061342A	1.0704625193517932	0.053774092134072006	36.80424805743214	0.7912216084067534
CMTSOLUTION_201403020937A	0.9654729919458748	0.057618632873775485	637.9814825121376	0.990017095166054
CMTSOLUTION_201102202143A	0.9514988543579564	0.048592353040553066	429.2403014365035	0.9734686750817018
CMTSOLUTION_201110060039A	0.9878354940065647	0.06360942284174696	36.67926986679501	0.9898350763932813
CMTSOLUTION_200808151025A	1.157166508424402	0.009974121369673312	116.43328782450848	0.7123641616628209
CMTSOLUTION_201309260118A	NOT FOUND	NOT FOUND	50.36911250230305	0.09696872352519369
CMTSOLUTION_201009261212A	2.0914184668714118	0.11582639216811973	35.30690367746682	-0.7720893342367255
CMTSOLUTION_201001171200A	1.1894482483179458	0.02450393424953768	165.30315053262223	0.9844505555231522
CMTSOLUTION_201101290655A	0.915267664862706	0.07831723317653913	2557.0073528661087	0.9816908006416066
CMTSOLUTION_200906041725A	0.7526957371417752	0.0383799226934186	186.7660026143518	0.9660312496863055
CMTSOLUTION_201108311217A	1.0023667434423003	0.07302816603080291	61.96824788809623	0.965177303339974
CMTSOLUTION_201311191332A	1.4835072915024274	0.15594738762428653	147.55912701131817	0.8351343135938282
CMTSOLUTION_201208301343A	0.8879143603970477	0.07831553611768785	2602.983677499265	0.9811522251580417
CMTSOLUTION_201103151523A	1.9624031898105099	0.24254320721618347	59.45105594022384	0.8544947083356836
CMTSOLUTION_200812061055A	NOT FOUND	NOT FOUND	95.69453595980923	-0.4794881668074746
CMTSOLUTION_200803131328A	0.6724794965718552	0.03910284485332317	74.43090761664774	0.9506704398308967
CMTSOLUTION_201012201841A	1.4053707824134936	0.21731732459722863	457.3580686416042	0.7885924051975023
CMTSOLUTION_201006121926A	0.8467627262268381	0.1024066398208476	15775.724355221028	0.6939602063667103
CMTSOLUTION_201208192241A	0.7710374567225946	0.009748496922172561	151.75798549753472	0.9606517125545716
CMTSOLUTION_200806132343A	0.8194702039473251	0.13512043865988918	2238.2905962723817	0.8465508835456802
CMTSOLUTION_200802231557A	0.7725870583517179	0.11364448286502138	261.501070190994	0.8015568621365863
CMTSOLUTION_201003250529A	0.7779376036481469	0.06727826022854462	90.3952130301816	0.6638138905008202
CMTSOLUTION_200812282259A	0.9704856019753878	0.035330709204816915	20.552869391602833	0.9732892677650612
CMTSOLUTION_201107191935A	2.357289971203479	0.031548031122789526	324.59973956865844	-0.7531161807493039
CMTSOLUTION_200901031943A	1.5742062444645493	0.26956257049188564	4723.367278502796	0.6392056382460293
CMTSOLUTION_200905241617A	1.092193293311531	0.23289863463819063	68.63291972022007	0.6474613813215659
CMTSOLUTION_201209140451A	1.1701842946119765	0.0695960931985368	95.51392122051232	0.8716213666210784
CMTSOLUTION_201003140057A	0.8056127726888661	0.11094694950634051	234.15112596235582	0.9397770179217534
CMTSOLUTION_201106261216A	1.5506208799059453	0.031567632585049556	334.68600181775537	0.9391053347919626
CMTSOLUTION_201212101653A	0.734285729845856	0.045055980571514165	1004.0422281089284	0.7594385914906043
CMTSOLUTION_201109030449A	0.9759233125135226	0.04930673635472962	1354.4212614238636	0.9939170937517323
CMTSOLUTION_201207260533A	0.9138745755199216	0.0971494956902569	894.7713947412392	0.8040669717670287
CMTSOLUTION_201307020737A	1.3258968340168376	0.1093748726201389	177.2341569225792	0.9113934510059364
CMTSOLUTION_201003201400A	NOT FOUND	NOT FOUND	248.59661231197532	0.5299517163670107
CMTSOLUTION_201008151509A	1.134538023121204	0.03481162495857388	106.05941323317202	0.9645126736439812
CMTSOLUTION_201111231924A	1.6539711478774208	0.46596296416890814	221.92759331851147	0.8288025494323767
CMTSOLUTION_201007181335A	0.8061787545812138	0.06517921070718305	4961.670540822685	0.9738975338044702
CMTSOLUTION_201109220322A	1.120490162748953	0.08817925199920096	520.9879721140605	0.9648845179302689
CMTSOLUTION_200801040729A	NOT FOUND	NOT FOUND	99.12381792926584	0.5644078721928554
CMTSOLUTION_201307060505A	1.1631061219408478	0.028124875865345275	118.14986358723822	0.8170947360883558
CMTSOLUTION_201308131543A	1.9201813544670245	0.1446432453029672	615.7252338581034	0.9194486064066236
CMTSOLUTION_201103010053A	0.9636104376334262	0.017942333314926194	47.75153692291101	0.9470056950517518
CMTSOLUTION_201007042155A	1.1234292085095907	0.05347639483179574	181.0166094849091	0.9556186286341873
CMTSOLUTION_201110130316A	NOT FOUND	NOT FOUND	172.21610991715414	0.4168647324913716
CMTSOLUTION_201302012216A	NOT FOUND	NOT FOUND	134.4990867596037	0.2264862981169733
CMTSOLUTION_200809180141A	1.0024732036782011	0.012506527069924464	129.15282946896195	0.9903497046432459
CMTSOLUTION_201108241746A	1.2781703410205092	0.08350523091735344	1290.6711833605596	0.9813940660073536
CMTSOLUTION_201208020938A	0.7838949843642166	0.06303954686083735	152.9805094523403	-0.9660489342207139
CMTSOLUTION_201110180505A	1.827938685793793	0.23219010941051385	115.17751721045593	-0.8109256386364854
CMTSOLUTION_201110060003A	0.991468491441727	0.06925084789941341	428.673380514275	0.9856365763966758
CMTSOLUTION_200810231004A	NOT FOUND	NOT FOUND	334.4771576917466	0.5827957944851704
CMTSOLUTION_201107230434A	1.512429569517432	0.1090240959319011	285.9899874517364	0.9162973574865724
CMTSOLUTION_201109150800A	1.2311989062429904	0.013982514126255887	268.6705755022025	-0.8117442597315587
CMTSOLUTION_200805291546A	0.9575858519219734	0.07136247049981814	4555.431709680217	0.9808733195511323
CMTSOLUTION_201101171920A	0.9672220501557952	0.08770282955896712	67.70570835608929	0.9101837491720068
CMTSOLUTION_200812172157A	NOT FOUND	NOT FOUND	77.59055001645895	0.2842855290639682
CMTSOLUTION_201112130752A	1.0934662175491654	0.26924462599211085	39.52969824579169	0.7619983120428613
CMTSOLUTION_201202140134A	NOT FOUND	NOT FOUND	49.70207887617546	0.5119315425732265
CMTSOLUTION_201103310715A	1.513643170207119	0.12495158203785971	145.07722708230727	0.9219670155481221
CMTSOLUTION_201010251442A	1.8086581919820115	0.05075352253598877	992.3170103770958	0.9857133501964654
CMTSOLUTION_201310011941A	1.0263827864297004	0.0735389970613365	127.16475808445367	0.9808745031030042
CMTSOLUTION_201008040715A	0.9110220379692257	0.09843791720623624	120.88721453913779	0.8517959377689277
CMTSOLUTION_200809110020A	1.9810761299089172	0.2553888566411911	9540.783072943857	0.8985395123019645
CMTSOLUTION_201303190329A	NOT FOUND	NOT FOUND	75.74878323654417	-0.4110296502906178
CMTSOLUTION_200803291730A	1.111132781919006	0.1265722618249896	365.268214915902	0.8107326196015555
CMTSOLUTION_201205220000A	NOT FOUND	NOT FOUND	74.81259325895923	0.5700444858896248
CMTSOLUTION_200802121250A	0.9830530636141575	0.09395428200854597	950.4925703720053	0.9736717740933422
CMTSOLUTION_201204170350A	1.0005759571297421	0.014073283485593066	1439.7334739765272	0.984742108915745
CMTSOLUTION_201007232315A	NOT FOUND	NOT FOUND	24.127513208674834	-0.4367712245308956
CMTSOLUTION_200805121111A	0.8698103830228706	0.09672628830562527	9.922804910495781	0.9011008121538616
CMTSOLUTION_201103111946A	1.1685484714653676	0.06231327674668584	36.662473778936686	0.9838033805343022
CMTSOLUTION_201306151611A	1.211033823822106	0.051263994463435665	549.3515372294497	0.959488718731325
CMTSOLUTION_201210170442A	1.1164392380268644	0.09182104312954716	28.000232659082535	-0.7877569795824375
CMTSOLUTION_200905031621A	1.0122313738525606	0.08100423131293878	257.40329077326186	0.9745680381390203
CMTSOLUTION_201208311247A	0.9036022432933691	0.03876273705777458	2662.6986762017655	0.9110925122135554
CMTSOLUTION_201103151331A	2.248461775443719	0.3038621533862635	196.94591507176014	0.818822868392948
CMTSOLUTION_200807231526A	1.2714758465002922	0.05191267508180091	625.0078631975891	0.9676850482973108
CMTSOLUTION_201103220944A	NOT FOUND	NOT FOUND	106.76748680726078	0.369957297733637
CMTSOLUTION_201108041351A	0.8409765738223397	0.02904440639932492	223.08291777832835	0.9639888425730427
CMTSOLUTION_201004112208A	NOT FOUND	NOT FOUND	310.9547554990008	0.08004815945049665
CMTSOLUTION_201204021736A	1.1314426858919326	0.08812817746459786	163.93363958395923	0.9864150674490434
CMTSOLUTION_201212150449A	1.0593411931995447	0.04249046228363866	83.07974568248451	0.9592784957089996
CMTSOLUTION_201104112308A	1.6701531149934254	0.041513640885440045	338.4278399552825	-0.6425449294979455
CMTSOLUTION_201012020312A	1.32603563385988	0.11994577406621686	656.1971682873584	0.9171898623199408
CMTSOLUTION_201210280304A	0.9479054103783198	0.0644729959734946	35505.956993017266	0.979770348566131
CMTSOLUTION_201008132119A	0.8041981507264582	0.029741212102241253	3686.8385463261793	0.7711286481245628
CMTSOLUTION_201212110618A	1.7196449890334558	0.07697498146448224	28.04396458951966	-0.7898471497483889
CMTSOLUTION_200903122323A	0.9627772766513212	0.11522470846800106	594.0473957783404	0.9688774791086854
CMTSOLUTION_201111082205A	1.094963094579287	0.16509710277161804	26.49696886272423	-0.7715633823090624
CMTSOLUTION_201103111859A	1.221773071369067	0.06634175982921305	48.04051541910407	0.9640683284152171
CMTSOLUTION_201005311951A	1.3905023484709063	0.1013187909187485	324.9700997666556	0.9876023197598153
CMTSOLUTION_201203271100A	NOT FOUND	NOT FOUND	37.1483803036478	-0.12248424233827822
CMTSOLUTION_201003080232A	1.4742245832596703	0.13011753721500197	909.8234482786575	0.8217214139079506
CMTSOLUTION_201302012218A	NOT FOUND	NOT FOUND	126.09596664954697	0.2643044121759143
CMTSOLUTION_200902170528A	0.5385497680515409	0.02381836510969468	9.59054885678994	-0.9004331655555418
CMTSOLUTION_201305190907A	0.9816953431646993	0.08973571916974944	117.25043280543866	0.9687658550554504
CMTSOLUTION_201008221023A	NOT FOUND	NOT FOUND	32.633552462837294	0.27823463701533224
CMTSOLUTION_201005031027A	1.4961676130645798	0.0790374231622692	162.2841660086708	0.9625374488238533
CMTSOLUTION_201103101708A	2.143043701344459	0.32478680759074047	211.93396054898466	-0.7432001917067184
CMTSOLUTION_201209252345A	1.200732551692816	0.21375512401612745	330.6847234304873	0.856248574043141
CMTSOLUTION_201204210125A	1.665523825440597	0.4756052788140267	671.6508549219668	0.826837657677279
CMTSOLUTION_201010080349A	0.9081259839538068	0.06463140614748104	1320.279101710561	0.98811912956285
CMTSOLUTION_200904210526A	0.9491046654055637	0.02300080423922688	126.80720747023739	0.9859342764434602
CMTSOLUTION_201110210802A	0.8308521834392466	0.11494370116030429	95.38885817579569	0.7867316362595999
CMTSOLUTION_201112110147A	1.0470595300159065	0.08015442675112465	575.6901789989074	0.9837198359159975
CMTSOLUTION_200907300737A	1.397436062113033	0.1197491456678808	11.585621344140728	0.9323792655025634
CMTSOLUTION_201304162255A	1.721449266249739	0.03534086481482727	177.41028798822967	0.6600652464637877
CMTSOLUTION_201102151333A	NOT FOUND	NOT FOUND	129.61984634648732	0.2143535590535237
CMTSOLUTION_201103111902A	1.059508350517421	0.0642685910297356	46.60029355765995	0.9356749743876851
CMTSOLUTION_201111300027A	0.683708511116143	0.12637243627564576	151.98081157437034	0.9193468627090416
CMTSOLUTION_201006160358A	1.7864411158538376	0.04592818601596237	451.90663210845514	0.9711699182748497
CMTSOLUTION_201001051311A	1.1361742471408771	0.11493640028092836	112.36008368723273	0.9605211878844295
CMTSOLUTION_200901081921A	0.8983358993186159	0.029414410206310828	385.20949961226523	0.976686511599351
CMTSOLUTION_200812190831A	1.0324378792098412	0.06762523716946536	649.1450698224687	0.9913778837034517
CMTSOLUTION_201305180548A	1.487255553037053	0.3062351127863162	49.522833930479415	0.8902243826560717
CMTSOLUTION_201107241851A	1.451014092720315	0.31759578327985427	461.6985800867277	0.8815806056130868
CMTSOLUTION_201301302303A	0.8879582136088895	0.07456862963389334	7.966815901613394	0.9790449716640449
CMTSOLUTION_201212141036A	0.8994659993747633	0.055602646417925214	100.66853241972288	0.8367859230654937
CMTSOLUTION_200901032233A	0.8395896320873087	0.08669132147949304	27.243880386419605	0.6016773418769318
CMTSOLUTION_201304220116A	0.9762516633935568	0.0711076787129818	265.63635988065295	0.989219531078879
CMTSOLUTION_201202260617A	1.137058432179175	0.035229965744160624	2452.583568850311	0.9789004743568407
CMTSOLUTION_201401250514A	1.3461438027690187	0.038847022736828905	114.21410556971009	0.8365695197933131
CMTSOLUTION_201207282004A	0.8220402314828168	0.0063088410620573635	767.5187840454867	0.9945717660120343
CMTSOLUTION_201306131647A	NOT FOUND	NOT FOUND	251.9907399459156	-0.40689592323955037
CMTSOLUTION_200803142232A	1.2577343815838153	0.08679944752863027	81.91960495925481	0.8060397398431225
CMTSOLUTION_201012130114A	1.2261433588548911	0.05319195621082063	84.55419410519714	0.863583041634127
CMTSOLUTION_200807282140A	1.002263960217764	0.02973891351087351	356.34297674599264	0.9918321203566529
CMTSOLUTION_201207081133A	0.8748335023018845	0.09845467859297324	131.53412522555985	0.8305038701942249
CMTSOLUTION_201001181556A	1.0133733886565157	0.08472292035829235	164.31495165973172	-0.9683487277955184
CMTSOLUTION_200907120612A	3.047003354587641	0.13611153729463313	59.866513503137845	-0.7544699993241483
CMTSOLUTION_201111140405A	NOT FOUND	NOT FOUND	390.3093156459557	0.5398393626292377
CMTSOLUTION_201201270133A	0.9360581539741945	0.0808762703281121	176.94430551349419	0.9442601306590993
CMTSOLUTION_201104011329A	0.8196673738118103	0.11591145237776529	63.142468915351074	0.8977848304129095
CMTSOLUTION_201211130431A	0.9118946275349549	0.11456988679099588	135.63199324024444	0.8961979623717967
CMTSOLUTION_200802211416A	1.0488710234852205	0.0845518211892384	203.62598543741785	0.978987893172565
CMTSOLUTION_200802251806A	0.7892476664560676	0.08471834225519756	221.01749890815339	0.8338213190070701
CMTSOLUTION_201004302311A	0.9049291493959623	0.06625948374944715	4891.438343916941	0.9888671492277411
CMTSOLUTION_201104032006A	1.2768065627396192	0.062403342650476146	487.83052451109705	0.7313492154789163
CMTSOLUTION_200901222016A	2.1293137374340114	0.06939211839400683	89.47323364770547	-0.9756218912536124
CMTSOLUTION_201001090551A	NOT FOUND	NOT FOUND	26.169015547849803	-0.0361870884674108
CMTSOLUTION_201210281854A	0.9312098557510188	0.08070918166905776	1702.8348920378603	0.9845461906435221
CMTSOLUTION_201208020956A	0.8717939826842643	0.028191613655466335	147.1195396071414	0.99057046721541
CMTSOLUTION_201208111234A	0.991147061028236	0.038266285051561516	2883.13906746249	0.9840410706445702
CMTSOLUTION_201310300251A	0.9253092670624097	0.08947070747172521	145.1133394117284	0.7931944860466629
CMTSOLUTION_201305210155A	0.7781685267699824	0.038855871844375674	113.96680490122289	0.8917543826934592
CMTSOLUTION_201305110208A	NOT FOUND	NOT FOUND	696.9420874834847	0.5745153871590927
CMTSOLUTION_201401261355A	1.4205421800571532	0.11210064562405153	508.14828247832656	0.8583023557033208
CMTSOLUTION_201107250050A	1.0547872584932283	0.12048684435006826	611.0502678646566	0.9615648879385982
CMTSOLUTION_200805250821A	0.7860278254051561	0.16128822459199996	507.53466971689005	0.6184190751025564
CMTSOLUTION_201002012228A	0.7768414445370596	0.0671029549461517	183.54423817522195	0.9802965491716082
CMTSOLUTION_200901062248A	0.9455937542034583	0.057153839703250324	10.414663199748361	0.7929986996786421
CMTSOLUTION_201209120327A	2.917387359980076	0.09095641908859148	38.936427658554976	0.954877995146044
CMTSOLUTION_201206292107A	NOT FOUND	NOT FOUND	856.5051781227146	-0.48585685867733924
CMTSOLUTION_201101122132A	0.8558860502571043	0.06217086664161424	108.77199492653831	0.6139438765996748
CMTSOLUTION_201211110112A	1.1577487171664838	0.07500543412065985	1976.1752968821338	0.9777209035903848
CMTSOLUTION_201111221848A	1.2805192730807635	0.01732023500530712	378.3708041226629	-0.9139392168730903
CMTSOLUTION_200904281954A	0.9994978169964313	0.1280040136449652	52.09252462425022	0.8017331373012886
CMTSOLUTION_201001020845A	0.7311779708255426	0.14733344047512026	114.80925953506836	0.6882658246326412
CMTSOLUTION_200809101100A	0.9151722054420522	0.057562983503031	8684.760931026427	-0.9745611858374563
CMTSOLUTION_200904152001A	1.0145641813803283	0.014398431990124277	50.18200119528517	0.7659663561269796
CMTSOLUTION_201204061615A	0.9500071890859757	0.011308714634827436	128.34146466304514	-0.9664609496655461
CMTSOLUTION_201104071432A	1.291157175431368	0.09675557300798907	62.38392914918302	-0.9503122774665534
CMTSOLUTION_201012211719A	1.2333357380808214	0.05249219762060021	10219.604807635267	0.7712739695502411
CMTSOLUTION_201007232208A	NOT FOUND	NOT FOUND	3447.476553211391	-0.5040365133810397
CMTSOLUTION_201001051215A	1.1405956799917563	0.11654804832481927	1151.3182241429417	0.9684466678925049
CMTSOLUTION_201110270804A	1.1573060980214929	0.28549000110211586	17.88070451326092	-0.7499459363857646
CMTSOLUTION_200902151004A	1.2613205054477374	0.10393614530130972	94.33038927923624	0.9451492517184231
CMTSOLUTION_201111011232A	1.0705511835523227	0.0697642651417274	462.01671710228436	0.9820689220598671
CMTSOLUTION_200803222124A	0.8378110881690051	0.11003991156880613	105.36173789290038	0.9318914349763622
CMTSOLUTION_201311220651A	0.9777779688738474	0.15980815245317737	37.85038499357668	0.7491263123608772
CMTSOLUTION_201007161853A	NOT FOUND	NOT FOUND	20.085040901057397	0.25896167564288586
CMTSOLUTION_201103140612A	1.256515078360054	0.01787293002280538	97.3719665449915	-0.8992485574728052
CMTSOLUTION_200801051144A	1.0767118339555894	0.08383219418914979	92.65462965520078	0.9850502298425904
CMTSOLUTION_200803031349A	0.6242269823029007	0.030500720660992055	558.9579935245274	0.8450434566769789
CMTSOLUTION_201304061126A	1.1715064844235867	0.30631072969562795	11.718738280369326	0.6365322532187068
CMTSOLUTION_201102101441A	0.5579000190905777	0.008069160254372206	296.0722031795111	0.93016201003109
CMTSOLUTION_200807190927A	1.190585537025303	0.03995994061628897	322.10452721198726	0.9607214495464929
CMTSOLUTION_200812130827A	0.7349500599876791	0.04668455615385598	18.056774728036483	0.9645016737248924
CMTSOLUTION_200911280604A	1.4823226070630313	0.23294942731259946	109.5858345046336	0.8383593469216379
CMTSOLUTION_201010080326A	0.9100385708963736	0.06284461956388904	1153.576626682352	0.9857440936310025
CMTSOLUTION_201309161501A	1.1570775383200922	0.03498211294784449	67.2725228950571	0.9885969330678689
CMTSOLUTION_201106210204A	1.4162836898370348	0.07414731721437956	78.84112331598371	0.9009374117346726
CMTSOLUTION_201210252305A	0.8739559803757498	0.1271749434954502	210.48238142083025	0.8902693080807605
CMTSOLUTION_201302160437A	1.330223330601959	0.10110197797341546	90.22424684505027	0.983646073735854
CMTSOLUTION_201302060635A	0.9072960429346264	0.12497140432422822	12.693054714247634	0.9490986798717046
CMTSOLUTION_201209081051A	1.1331040405989716	0.5968962139148579	114.33980895496882	0.6718622012258206
CMTSOLUTION_200809110000A	5.527492810502822	1.203567202214381	17410.07383872163	0.6095923152447787
CMTSOLUTION_200802210246A	0.986444122226314	0.05197721961510502	2259.2679140581513	0.974570749257758
CMTSOLUTION_200802080938A	0.9433170742130039	0.04631040274450008	10202.734281074616	0.9915297530395263
CMTSOLUTION_201006300722A	1.039734525566872	0.06705803846664464	101.27162064332597	0.9919153213533043
CMTSOLUTION_201212070818B	2.834614939698187	0.5763679586126879	6643.732002955842	-0.7990927908215322
CMTSOLUTION_201103170413A	1.1280776651751743	0.03950372034011812	23.43809943928401	0.9797737126402754
CMTSOLUTION_201103091816A	NOT FOUND	NOT FOUND	18.925910046956997	-0.13491214879695426
CMTSOLUTION_201205180200A	0.7612767039008028	0.06564170051438396	769.9977967928144	0.9709615932679363
CMTSOLUTION_201301050858A	0.9093784620131627	0.09168852171199658	104166.54689365152	0.9807853064597554
CMTSOLUTION_201104131957A	NOT FOUND	NOT FOUND	378.5007053947215	0.5881165461785721
CMTSOLUTION_200908160738A	DiffNPTS	DiffNPTS	DiffDelta	DiffNPTS
CMTSOLUTION_201201211847A	1.020614161281804	0.07186420289880237	349.499963924388	0.9700883116391417
CMTSOLUTION_200904181917A	0.999980492698	0.024746566231797128	894.5393413088548	0.9937433756842083
CMTSOLUTION_201209301631A	1.1291927766233871	0.11758094097037305	3544.791232373942	0.9767405110303605
CMTSOLUTION_200901221340A	1.1179885643288376	0.14049668398131818	195.37781629509016	0.9568728817759928
CMTSOLUTION_201103110546A	1.002787010299865	0.014082772075548361	541438.365623455	-0.958947483426667
CMTSOLUTION_201302060154A	NOT FOUND	NOT FOUND	141.8897805420121	0.5467777074997977
CMTSOLUTION_201211150920A	0.9594292592804154	0.09288722152084587	63.72585793640162	0.9247189150299328
CMTSOLUTION_201309210139A	NOT FOUND	NOT FOUND	37.634377214081844	-0.5428481464935881
CMTSOLUTION_201008031208A	0.8058134277764945	0.07955762997373383	427.0434687220501	0.8607254906942419
CMTSOLUTION_200912240023A	NOT FOUND	NOT FOUND	156.12005476109584	0.29303097890568247
CMTSOLUTION_201205031009A	0.8521350537117777	0.04281265165186779	20.245156820298885	0.8556543283623926
CMTSOLUTION_201209051442A	1.0415423074942722	0.04691378319467848	2727.009514537796	0.9918464926949057
CMTSOLUTION_201106201635A	1.0817363670257136	0.016815843327400225	1003.4019816904274	0.9869611589135174
CMTSOLUTION_201002060444A	0.9669568477586459	0.06983465667031927	340.15365197603046	0.9833216032029991
CMTSOLUTION_201104230416A	1.0017458227825988	0.0355938377070153	2887.9066238526198	0.9957064287883256
CMTSOLUTION_201107202204A	1.147852663169973	0.0916278668739073	64.177805777172	0.9404354332404863
CMTSOLUTION_201003140808A	1.69859223308457	0.30631852604365817	1100.2591802650127	0.9309817458606888
CMTSOLUTION_201108190536A	1.3172097885433194	0.08136246952184359	31.602638871831616	-0.9706973739818275
CMTSOLUTION_201211101457A	0.9969028741939066	0.1458128383699893	32.22184713367597	0.9458612208125532
CMTSOLUTION_201012231400A	2.85231715210733	0.050009333357982313	371.241559226474	-0.6950288082202482
CMTSOLUTION_201208270437A	1.00318970102164	0.0439763808179757	5371.964893306731	0.9838904509456944
CMTSOLUTION_201205031520A	NOT FOUND	NOT FOUND	28.558215906262692	0.30140520352378314
CMTSOLUTION_201004110940A	1.0256868452638639	0.023914025324619104	565.6016707099192	-0.8980709082926867
CMTSOLUTION_201008201756A	0.8982964907306157	0.028710506941379783	50.061820072878206	0.9694301773516825
CMTSOLUTION_201309251642A	1.2396423598429775	0.0377353857779	517.2288083725523	0.9819590032954719
CMTSOLUTION_201211021817A	0.7545107572751444	0.1507158447393053	67.53027055083462	0.8361031383618123
CMTSOLUTION_201103151327A	2.040388607347251	0.2712254147875862	191.78044845839128	0.8361394802862252
CMTSOLUTION_200904161457A	1.0015939877521802	0.0924791634886844	507.65524050298706	0.9797191645038732
CMTSOLUTION_201007101143A	1.4510812092285141	0.05050677554923893	502.9803814672858	0.9909104376730469
CMTSOLUTION_201201151340A	1.1125746802690075	0.06335246991092704	559.0468922414477	0.9569637180491499
CMTSOLUTION_200809031125A	0.8985661732571741	0.05534428723599619	81.9857924014652	-0.8128076811714334
CMTSOLUTION_201012222149A	NOT FOUND	NOT FOUND	77.73880111718823	0.5561341215508989
CMTSOLUTION_200802252102A	0.7228468259991843	0.07939693927074144	76.40134964781046	0.8204212719607408
CMTSOLUTION_201309011152A	1.2948304239582138	0.22879763154837074	360.1435488322385	0.6547172309417445
CMTSOLUTION_201101190917A	1.1710592113964824	0.22430736666317871	33.12806773745985	0.7385407194254615
CMTSOLUTION_201309241129A	0.9179693872347731	0.07191707776421678	191215.73620950122	0.9930759305134165
CMTSOLUTION_201103272223A	1.1681547610256378	0.008003494526613291	326.84787659792994	-0.992847846693581
CMTSOLUTION_201303011253A	0.9001865519405893	0.04876367372215786	2000.266213661812	0.987904424168176
CMTSOLUTION_201006260530A	0.9357165874915945	0.013523271941598046	2081.671196146629	0.9837410641731145
CMTSOLUTION_201111170157A	0.8346531197183182	0.10357516042541334	93.32851871821492	0.7540257065368218
CMTSOLUTION_201107251757A	0.8685868649458044	0.1656173197511318	107.11328493389604	0.9441426166982715
CMTSOLUTION_201402030308A	1.6915439851186864	0.02981771686154375	358.24821046222496	0.6399581268644102
CMTSOLUTION_201004172315A	0.9703222691641773	0.041363751573966295	358.77002346022294	0.986521902871084
CMTSOLUTION_200912260857A	0.9392723642877514	0.08846986567396847	96.16947764207065	0.9589767342795642
CMTSOLUTION_201109051755A	0.9586241595104406	0.07461843943858178	336.3625956558163	0.7390368121123515
CMTSOLUTION_200802141208A	0.8057666783134346	0.05857661004872438	19.83512849267543	0.9367743272542759
CMTSOLUTION_200801091440A	1.0410939608939556	0.06762918314706703	273.80881594994577	0.9870258228945251
CMTSOLUTION_200804281557A	0.8687664231620228	0.0629378924801676	51.72208086746806	0.7298475133079724
CMTSOLUTION_200906140558A	1.1395252403747906	0.05379893439414397	323.83186215035744	0.9915421810404331
CMTSOLUTION_201103241355A	NOT FOUND	NOT FOUND	8704.772321612367	-0.31489192936136495
CMTSOLUTION_201211122042A	0.9523617259422664	0.12542352958855418	413.9767121460327	0.9687755560612609
CMTSOLUTION_201112110954A	0.9539779319833187	0.04444033564493272	385.6930726279228	0.9893942272848959
CMTSOLUTION_201309032019A	0.992733104350664	0.10566243611161195	856.9406587532527	0.9788797712120167
CMTSOLUTION_201309111244A	3.9820677007615983	0.474215454013219	75.50676004932515	-0.8742704010819774
CMTSOLUTION_200910041058A	NOT FOUND	NOT FOUND	123.28033059896137	-0.41315659962592943
CMTSOLUTION_200810051552A	0.5696543866775016	0.06608931564676175	2500.542057017635	0.9618162304055564
CMTSOLUTION_201304011853A	1.8908725282365528	0.34493689729354027	201.2943407875756	0.9234142744649778
CMTSOLUTION_200909072241A	1.1532602353948984	0.014929899607230205	506.3991297842922	0.7605525393171018
CMTSOLUTION_201205200719A	3.0143630210636214	0.5117741544564643	416.60348417703017	0.7566066018893768
CMTSOLUTION_201308171632A	1.1704360808774654	0.12081115682062234	111.55525984038714	0.9041535219080066
CMTSOLUTION_201010041328A	1.316095810999654	0.07930106063436919	153.9176311537409	0.8702872664403635
CMTSOLUTION_201101240245A	1.3330026968202964	0.041281570826411	79.42620237145371	0.9763654529302068
CMTSOLUTION_200807150326A	1.141611792512839	0.07527391602767157	2246.021613877523	0.9647136351604577
CMTSOLUTION_201103061432A	0.987870902333301	0.05519544429555838	47.50633720560102	0.9756474463580941
CMTSOLUTION_201310062133A	0.9946308252962801	0.005892509121949472	54.11960695391922	0.9863315835370904
CMTSOLUTION_201012080524A	1.217393790802847	0.11783205700518243	230.29085620137556	0.9517577145646238
CMTSOLUTION_201112012135A	1.1415397867817554	0.06913114566783636	28.727923355197987	0.9750307987985418
CMTSOLUTION_200802161445A	1.0282596336749594	0.042851048098385074	168.94841806561345	0.9938314876430054
CMTSOLUTION_201103110615A	1.002098336318254	0.016172841577023724	13524.492680781332	-0.9816839452503999
CMTSOLUTION_200808050949A	0.9281172181354641	0.10639264358995268	128.95056424706965	0.900401139920873
CMTSOLUTION_201211080201A	NOT FOUND	NOT FOUND	162.53798432430435	0.19985628067214947
CMTSOLUTION_201205012243A	1.1749618340026202	0.08498941798941827	173.23791678625693	0.9825072798544625
CMTSOLUTION_201103092124B	NOT FOUND	NOT FOUND	184.56902684613817	-0.32973232468713637
CMTSOLUTION_200908200635A	0.9862656635108992	0.09084352165375945	1082.3249742412836	0.9732614480021499
CMTSOLUTION_200812201029A	NOT FOUND	NOT FOUND	343.5134300831327	0.5902683807198637
CMTSOLUTION_201310241925A	0.5660903752045822	0.05123655598208273	96.0713579794186	0.7661837533119651
CMTSOLUTION_201103291054A	1.2722082767182001	0.004899028170454747	340.8130857850759	-0.9581519671849421
CMTSOLUTION_200801221714A	0.6839118105121039	0.23438030042057018	99.4198899386453	0.7750404057456732
CMTSOLUTION_201107301853A	NOT FOUND	NOT FOUND	1137.0053350281491	0.15781920035859703
CMTSOLUTION_200806271140A	1.4131260661373337	0.17503749386000883	1050.4464286704656	0.8910754196650168
CMTSOLUTION_201304091152A	NOT FOUND	NOT FOUND	699.3310045272801	0.17351566448355904
CMTSOLUTION_201003301654A	1.1063205588091958	0.3514951822284615	386.14809156931574	0.7404282736691339
CMTSOLUTION_200912191302A	0.8382745838550411	0.030619391049022778	932.1596276433013	0.9493576202676272
CMTSOLUTION_200904251718A	0.8178719780035103	0.07679407780328475	75.87187104241107	0.9704972078887812
CMTSOLUTION_201305200949A	0.930811648633886	0.05421058611390996	365.0046407830107	0.9607543710052419
CMTSOLUTION_200802091833A	1.2691042301629893	0.24056928026634014	125.89987279384331	-0.7417687645568241
CMTSOLUTION_201006160316A	1.787428428536532	0.05110283202397125	1873.5464737325792	0.9810925385053355
CMTSOLUTION_201201231604A	1.0249966188174213	0.06157885867123318	253.67779045913124	0.9657099707504202
CMTSOLUTION_201109161926A	1.8122996292234808	0.14096346020427816	2094.7200083996413	0.960369628459133
CMTSOLUTION_200902111825A	1.9697750171027963	0.08019611610310222	47.440259322053976	-0.6831428671117484
CMTSOLUTION_201105111647A	1.1738851271197481	0.07752876026155989	54.03471088505103	0.8170158115162452
CMTSOLUTION_201011300324A	1.2530356100561675	0.025823078549284707	250.11474942532107	0.662344963873839
CMTSOLUTION_200801202026A	1.1495157872956476	0.2169532000411328	28.99726929508654	0.9073722576601093
CMTSOLUTION_201201260424A	NOT FOUND	NOT FOUND	91.88145312514109	0.061974380261158965
CMTSOLUTION_201103110625A	1.0062812916846544	0.016065585495552696	115.92571613098451	-0.9812009992542238
CMTSOLUTION_201308120053A	0.987060277431615	0.031874327370075596	57.444205060239526	0.6616327022380069
CMTSOLUTION_201303252302A	0.7995001257483504	0.05315426311115089	108.32287039825634	0.9410162794027018
CMTSOLUTION_200802241446A	0.8500668383273629	0.09210366658302398	134.10366247658405	0.852835664156725
CMTSOLUTION_200801011855A	0.8378078302768225	0.04003465180477463	356.1722996106139	0.947569587786582
CMTSOLUTION_200904170208A	0.9221918780860386	0.07826138801417856	70.3766463863634	0.922220550906624
CMTSOLUTION_201004140125A	NOT FOUND	NOT FOUND	5.968797167031385	-0.4454154481960688
CMTSOLUTION_201207251120A	1.040359318376454	0.06796087043282899	281.87704407792506	0.8884465835805626
CMTSOLUTION_201008041258A	0.9788979632166679	0.08766619218032878	729.262931743631	0.9790378660935083
CMTSOLUTION_200811190611A	0.9926753137694478	0.0924338515176747	526.6546551064201	0.9784682767300894
CMTSOLUTION_200808220747A	0.8894232670375711	0.12389601657000639	196.92936471341105	0.7442823556305681
CMTSOLUTION_201103092124A	NOT FOUND	NOT FOUND	188.93936729771855	0.33205144939532827
CMTSOLUTION_201010080543A	1.06420964852019	0.060391654094222195	9.363507274812955	0.9305854607315152
CMTSOLUTION_201309170409A	0.5334612766774979	0.02776853491542203	30.319051709920217	0.6334098264670966
CMTSOLUTION_201005051629A	0.955605162600388	0.01076592928246506	192.65715408482527	0.8475449983344853
CMTSOLUTION_201203141205A	1.0783353345010402	0.009467447880223226	5.731929303521125	-0.8700511859234165
CMTSOLUTION_201007240535A	1.8073984745429017	0.1407652457656758	19.600261266426408	-0.6443947556636169
CMTSOLUTION_201307170237A	1.0742169512242057	0.08940593051107373	112.0375839871297	0.9504616840827541
CMTSOLUTION_201203201802A	1.029551584885009	0.03926524737192105	6442.268947499724	0.9532446218910217
CMTSOLUTION_201204120715A	0.7232326494541227	0.11709920572249805	3582.621014126905	0.714686878904965
CMTSOLUTION_201212231331A	1.5745197950681236	0.07932888958120018	102.68923327281709	0.8164570977688255
CMTSOLUTION_200909062149A	1.340669512716564	0.04585173497551055	330.4303917401842	0.8549727321198307
CMTSOLUTION_201208151749A	0.84631361282847	0.01577586159195966	23.910168228998334	0.8141611528743751
CMTSOLUTION_201302021417A	0.902884040514436	0.01186935057611861	1781.4641523578202	0.9794604216890032
CMTSOLUTION_200802200808A	1.1084468338914633	0.02208231506048237	4310.886251493828	0.9404523514685953
CMTSOLUTION_201110052352A	0.9917034348958056	0.06764295851259772	431.41850289355045	0.9777931926318957
CMTSOLUTION_201104110816A	0.997924104563556	0.10690917122328306	1143.3490204320547	0.9486218113378316
CMTSOLUTION_201103121315A	1.4754184081871906	0.40704643685776254	135.47287040850435	0.8481890839462743
CMTSOLUTION_200811210705A	1.489467928528272	0.3387080449389005	41.44338417358819	0.8179842137959222
CMTSOLUTION_201311250627B	1.2101546009609336	0.08216401756354196	859.0805327361741	0.9450270915782004
CMTSOLUTION_201311170904A	1.0384007570263083	0.05550178513097736	9002.38552884786	0.9420803943701208
CMTSOLUTION_201403022011A	0.9816976713299526	0.07734042748163607	997.7404711717138	0.9683261961273125
CMTSOLUTION_201304300625A	1.006789512626581	0.09327751428799896	307.6491215787343	0.9605201678778708
CMTSOLUTION_201310060137A	0.9165699150154046	0.08066638297304755	78.27830217890113	0.9842784442127113
CMTSOLUTION_200901151749A	1.5824504911125288	0.014214891361705466	2994.5912140698897	-0.643121676242969
CMTSOLUTION_201102251307A	1.0908776388417285	0.10870303252007131	83.52828524223246	0.991064431276147
CMTSOLUTION_201305210543A	0.8339012670532601	0.013918817291121929	72.37876241193084	0.9905165313799533
CMTSOLUTION_200808251322A	1.4225040387385601	0.30035265062998145	1944.6268973496458	0.8163578580563199
CMTSOLUTION_200902121315A	1.1806894719071386	0.27684242831656447	150.4671963022493	0.8522012593842154
CMTSOLUTION_201110140335A	0.7527240735810118	0.13208283611834779	656.5135412031827	0.8984572374475457
CMTSOLUTION_201108222012A	0.6793513551920618	0.0068945562011357075	99.6744503250537	0.7715064162530078
CMTSOLUTION_201109162108A	1.3900743748351019	0.10956110914051465	5.373591257005714	0.8891820765885201
CMTSOLUTION_200810111040A	4.160357447941322	0.4522671448010922	116.65082298071817	-0.9785604602684097
CMTSOLUTION_201104300819A	1.091154306410513	0.11903008275614063	154.6861634115715	0.9705519478647461
CMTSOLUTION_201207091355A	1.2287564984595416	0.10869445509706674	48.93379447781988	0.8168940707770859
CMTSOLUTION_200904190523A	NOT FOUND	NOT FOUND	51.876632378612584	-0.5282409180717661
CMTSOLUTION_201008140730A	1.02138539672582	0.09855691707942757	429.7091374126865	0.8956562450344198
CMTSOLUTION_201104231012A	1.0762797827204378	0.017739908182686344	73.37199097065479	-0.9904357115544699
CMTSOLUTION_200809250147A	NOT FOUND	NOT FOUND	177.5837409494762	0.57513161798173
CMTSOLUTION_200806292053A	NOT FOUND	NOT FOUND	12.078436810333296	0.21155045738846137
CMTSOLUTION_201101270838A	1.1287478885707845	0.10765686835785662	843.5901949296951	0.7013663582477722
CMTSOLUTION_200801300732A	1.4358706461759254	0.07394716856346313	97.62554485743462	0.9049990560239519
CMTSOLUTION_200906200828A	1.4239386596619885	0.3071395279264819	8.824409385710162	0.7491348233037634
CMTSOLUTION_201203261035A	1.74948897403078	0.10232450956762079	11.374684436350089	0.7555115655707136
CMTSOLUTION_201110251455A	NOT FOUND	NOT FOUND	139.85528194555926	0.5433163051426632
CMTSOLUTION_200911281810A	0.9273915083504154	0.004908142428717551	108.5632487928032	0.9314983704466145
CMTSOLUTION_201204112241A	1.226564919403847	0.06541084639186326	253.44803340135945	0.9783727870721792
CMTSOLUTION_201309070013A	1.0706768675764353	0.07402681717808712	1580.406472924455	0.9822406019691577
CMTSOLUTION_201310010338A	1.7537644268172103	0.14005648025232553	458.30940756746867	-0.9505916963770702
CMTSOLUTION_201003040159A	1.6732344533543428	0.18532512262572373	8.637591924556876	-0.6673543213143407
CMTSOLUTION_200806010157A	1.080238732621269	0.20327851469452918	115.48741449979099	0.777339417238992
CMTSOLUTION_201307081530A	0.9301914202314228	0.09794867207641751	15.632308824079463	0.947064796226786
CMTSOLUTION_201210080626A	1.5437423172354987	0.31826232894889506	96.5931604661902	-0.6367543609970125
CMTSOLUTION_200909122006A	1.014344689219118	0.05444168983852106	826.7459694460648	0.9943047350346351
CMTSOLUTION_201009090728A	1.010821923631258	0.02711174819621725	60.614177973358295	0.981683447804066
CMTSOLUTION_201201300511A	1.1331946556844252	0.09098220106218308	637.773749400953	0.9811729371139686
CMTSOLUTION_201311132345A	0.9844127981219423	0.06983443590536936	83.53168729899691	0.9491198705938133
CMTSOLUTION_201007290731A	NOT FOUND	NOT FOUND	124.16516296826516	0.21670846283443002
CMTSOLUTION_201312010124A	1.1764017877183055	0.09306760408611398	385.5683968501506	0.98564017901921
CMTSOLUTION_201211070626A	0.9538090980742163	0.02910907738776934	224.96996322040349	0.9692326052235679
CMTSOLUTION_201103070009A	0.9891454638156718	0.09086064637057188	226.39577899603614	0.9447533956347565
CMTSOLUTION_201002050659A	0.7493894133745007	0.008120755535698885	164.98179320408434	0.9334808917623871
CMTSOLUTION_201302060112A	NOT FOUND	NOT FOUND	1237.5843921533028	-0.5534775463509125
CMTSOLUTION_201202140819A	1.0065372795305354	0.06439309555233062	170.42741546327346	0.9875224430383605
CMTSOLUTION_201111241025A	1.1368492862019821	0.0742637915445284	199.5696252049155	0.8337366929970147
CMTSOLUTION_200802041701A	0.9799922707224589	0.03719813381302241	349.53293524426715	0.9897409192745279
CMTSOLUTION_201102112005A	1.0358071217740326	0.08892536018973166	3219.463552162445	0.9759664114858352
CMTSOLUTION_201311241805A	NOT FOUND	NOT FOUND	52.3193796152417	0.4867178081519984
CMTSOLUTION_201212230638A	Error	Error	Error	Error
CMTSOLUTION_201007210916A	1.0714489379603744	0.05620054596478636	104.16138093767219	0.9211107712160123
CMTSOLUTION_200909210853A	1.059076186333197	0.011058715957438861	215.432976355117	0.8909449073315099
CMTSOLUTION_201206072054A	1.657642056471184	0.1490531631948631	31.27286142696523	0.9607876349658646
CMTSOLUTION_200902221745A	0.8769047413202382	0.1195308581203489	85.2896746335723	0.8151421484499835
CMTSOLUTION_201203142113A	1.122936300211683	0.06213346661745491	215.10658186681593	0.8943173361913165
CMTSOLUTION_201304232314A	1.5588451407323072	0.21810416006503472	678.0319795031631	0.9139540369413264
CMTSOLUTION_201206051931A	NOT FOUND	NOT FOUND	468.22420358258546	0.4091622563917454
CMTSOLUTION_201205242247A	0.8833061122295662	0.06872042319019475	2519.242223626534	0.986204994748574
CMTSOLUTION_201309040018A	1.4636080310520183	0.058194819693984365	664.9504967011628	-0.9058282304159038
CMTSOLUTION_200807190239A	1.1173280860628145	0.013339733724787419	3782.4408288658733	-0.9743519473948594
CMTSOLUTION_201106160003A	1.4649482807436387	0.18622390729549126	2919.8957584180885	0.8738035041754622
CMTSOLUTION_200806081225A	1.2593969756638184	0.16821065701527485	914.7184732897201	0.7206614341419407
CMTSOLUTION_201111080259A	1.0725442181323503	0.06591518893561871	2157.065707731943	0.9798301301771553
CMTSOLUTION_200810291132A	1.4397608272419582	0.2603568892713741	972.9199503400916	0.8152344049895934
CMTSOLUTION_201101182023A	0.7044047718902019	0.01619574828328435	52848.02356039244	0.9450941261004441
CMTSOLUTION_201308310638A	0.9055929439126029	0.07196108039140202	412.56677208633437	0.9887231751676604
CMTSOLUTION_201009171921A	NOT FOUND	NOT FOUND	99.96301087102447	0.3703548435396896
CMTSOLUTION_200908091055A	NOT FOUND	NOT FOUND	789.8970840505473	0.2902693994249492
CMTSOLUTION_201106131431A	1.3116879621270374	0.13273847200484795	422.89673961336445	0.9097916641412462
CMTSOLUTION_201011230901A	1.122497661088023	0.14359084087646565	177.77332784875676	0.9529908238495901
CMTSOLUTION_201203050746A	1.737242764555194	0.023463756797014984	22.69193946703688	-0.9138402508976987
CMTSOLUTION_201004062215A	1.049257843602016	0.08106878542037074	7047.346613799539	0.9530003350144507
CMTSOLUTION_201111281226A	0.6644099977588732	0.19055064731453655	120.62798456310509	0.8404401812245516
CMTSOLUTION_201303011320A	0.9026392605578766	0.04683012264185236	1507.0334985701131	0.9848394845381581
CMTSOLUTION_201105080650A	0.7457351487866064	0.10033481600207281	97.45090313702964	0.8771243981556202
CMTSOLUTION_200804160554A	0.9867527544303468	0.05021736009734023	2420.4304203445813	0.9885790324854313
CMTSOLUTION_201003042239A	0.9435374913286491	0.007488414756577283	411.53310897236724	0.9944232482097983
CMTSOLUTION_200912171455A	NOT FOUND	NOT FOUND	83.61476866330102	0.13387642646519243
CMTSOLUTION_201111180600A	1.1095698754612389	0.06490459820290363	86.91210373739905	0.9812189220452281
CMTSOLUTION_200811221600A	0.5086486775155199	0.08366419574801098	1179.3843746953607	0.9821020353897622
CMTSOLUTION_200810060830A	1.7838907306492393	0.27249950509745524	746.0640542109566	0.902053831867124
CMTSOLUTION_201101261542A	0.9093410910065711	0.045890422349323966	90.81669702730764	0.9463837732745017
CMTSOLUTION_201002112156A	0.0028864255967520555	0.0004875190190204725	232.04197111730892	0.8336407040175142
CMTSOLUTION_201004071433A	NOT FOUND	NOT FOUND	43.52424445076134	0.5145455364761048
CMTSOLUTION_200910010152A	1.391786020548306	0.0771253515966267	1697.1686061363644	0.7508122373969335
CMTSOLUTION_201008181628A	0.9726956648141126	0.08267020438641878	257.4034325038844	0.8992398056142622
CMTSOLUTION_201212151930A	0.7188069891727653	0.00518653350912964	82.79368134147795	0.9748850347216518
CMTSOLUTION_200806150837A	2.9714865180548613	0.0705725611367444	75.66887215234809	0.7267064873864181
CMTSOLUTION_201204161123A	1.044319663903844	0.20009568674412365	45.769524199525364	0.6730087007150208
CMTSOLUTION_201311221830A	0.9169235859595537	0.042586217983779186	37.03680083831341	0.6769040710469681
CMTSOLUTION_200908020854A	1.3969693999750412	0.027756633423357473	53.60174735698138	0.8125367777395125
CMTSOLUTION_201101010956A	1.0922901398726965	0.054546226252717066	1522.7587132004905	-0.8537723694061496
CMTSOLUTION_201004051005A	1.0156692939497585	0.12322382367026255	100.83009180359412	0.9630109418565308
CMTSOLUTION_201009031116A	0.8890633018122113	0.05483946024238609	1722.555558696441	0.9823046371705929
CMTSOLUTION_200808300654A	0.8487258074653677	0.10103548085878557	641.0699821358821	0.9531875095211229
CMTSOLUTION_201008160330A	0.9107778673188216	0.1214552614819851	174.892490582918	0.7649226970091018
CMTSOLUTION_201103061231A	0.43532137216376965	0.012445450710169125	171.89969649256315	0.8913716340072527
CMTSOLUTION_201103120147A	1.1651887821944162	0.032867007155252335	342.21992931167404	-0.9294662394140871
CMTSOLUTION_200803242039A	1.0722894925893365	0.03413054802163232	187.00875125709598	0.9948236309002486
CMTSOLUTION_200810110906A	1.1199024285383952	0.07030270534453568	377.81984904708196	0.9284683917029939
CMTSOLUTION_201309151621A	0.9003678758901034	0.049428106929875544	313.41467141254356	0.9867981947582625
CMTSOLUTION_201103220919A	NOT FOUND	NOT FOUND	48.56233531899097	0.455862429466556
CMTSOLUTION_200903061050A	0.9307165760655673	0.06088066058930974	1740.2808511600465	0.9896770269011329
CMTSOLUTION_201311031103A	NOT FOUND	NOT FOUND	18.389866629508667	0.595862762751031
CMTSOLUTION_201002152151A	1.3672369425476574	0.0470172866958067	176.8974129911415	0.780006333614105
CMTSOLUTION_200808211224A	1.2432352024432098	0.0692805748982108	364.72334571261695	0.9864562195707036
CMTSOLUTION_201310061638A	0.988023122844669	0.01856071592935674	83.59299739036989	0.9907839027647821
CMTSOLUTION_201112072223A	0.9782544080473748	0.050703782626021536	102.39832182657831	0.9665218046263303
CMTSOLUTION_201008042201A	1.7285596619611678	0.14811086070576426	2091.705119188461	-0.9258346239544071
CMTSOLUTION_200907081923A	1.1607058771064789	0.09956534849226716	170.72014853238335	0.938537163261035
CMTSOLUTION_200902111734A	1.9968780375163375	0.0749317042715546	3575.100845999328	-0.6921858225728242
CMTSOLUTION_201108071435A	NOT FOUND	NOT FOUND	12.26531854748848	0.5394914039686123
CMTSOLUTION_201205141000A	0.9917230111919918	0.025765383290737246	192.45584692908147	0.9535037077270561
CMTSOLUTION_201206172032A	1.5558007772941984	0.08962189966561407	481.5638482322278	0.9359789563217603
CMTSOLUTION_201003040018A	1.5839207177466277	0.17505550052534974	158.20565552776839	0.655282400044566
CMTSOLUTION_200812081839A	3.5211357603024935	0.2831952113567988	277.0258158641523	0.9266739263816667
CMTSOLUTION_201002271545A	0.9570821177472312	0.013651283903812726	9.429936765117839	0.982121905502791
CMTSOLUTION_200804150303A	0.9349615571677012	0.046664536121785956	237.2297035064274	0.9514496466820098
CMTSOLUTION_201302060007A	NOT FOUND	NOT FOUND	2738.581774455776	0.5489287737648106
CMTSOLUTION_200805092151A	0.8844699627336851	0.056128929282190904	1372.9249747129265	0.9713054222541037
CMTSOLUTION_201105061620A	1.1016720915742264	0.08626594779970966	51.82354422782305	0.9805769184220963
CMTSOLUTION_200805231935A	0.9280731442395432	0.059240308818765686	5066.234903134562	0.9861615376982412
CMTSOLUTION_201302061153A	1.0483184427547347	0.08035517548537528	11.797948885494279	0.9330194369143143
CMTSOLUTION_200908170005A	NOT FOUND	NOT FOUND	15323.299345822106	-0.4146841804033632
CMTSOLUTION_201401130401A	0.8914331090366997	0.09280008333509342	720.9911593290516	0.9581476440711457
CMTSOLUTION_201301310333A	1.1549962726539154	0.1382888652113923	70.3650498480915	0.9235491523434275
CMTSOLUTION_201011031813A	2.954007374463195	0.17316123476740902	26.97826150674377	0.8176080060164346
CMTSOLUTION_201303102251A	1.3278135304417893	0.07344489477225638	2002.1673233515307	0.9323575579649519
CMTSOLUTION_201305280009A	NOT FOUND	NOT FOUND	26.96281113913833	0.27490697521231683
CMTSOLUTION_201304161044A	1.031298994829212	0.047786421583544535	94679.26785489707	0.9750949067498116
CMTSOLUTION_201107312338A	1.2565247090132312	0.05500038496182037	2291.8551525473567	0.8134979816861831
CMTSOLUTION_200904010355A	1.4980977591976419	0.17542304338224074	771.914474076433	0.6050951934148947
CMTSOLUTION_201105142107A	NOT FOUND	NOT FOUND	433.01370679095226	0.043263049154259596
CMTSOLUTION_200909301016A	0.822258591668383	0.0285646329903806	9694.818414279005	0.9175840455819176
CMTSOLUTION_201103200826A	3.0626492936323455	0.16047909993947687	55.8267401659123	-0.8269351826639296
CMTSOLUTION_200905280824A	1.029795819532477	0.10969168930994179	4689.775490443689	0.9842767816890671
CMTSOLUTION_200909031326A	NOT FOUND	NOT FOUND	82.80924803097716	0.4476231220779044
CMTSOLUTION_201106030005A	1.1360412186422846	0.02792229386955019	732.0603256918309	-0.8923738513423837
CMTSOLUTION_201003261452A	0.9574743969801681	0.018264062453484962	186.7430792747067	0.982418522049727
CMTSOLUTION_201006180223A	1.804051758004602	0.15523530422706716	359.28004112614065	0.9623023841358161
CMTSOLUTION_200808112338A	1.052322877994873	0.020738201025037716	509.8925769931527	0.9916519841312933
CMTSOLUTION_201102140340A	NOT FOUND	NOT FOUND	50.39298334086006	0.5550498475578128
CMTSOLUTION_201306162139A	1.2599478317197934	0.13693720823615863	526.2094141629673	0.7212528820107212
CMTSOLUTION_201309061133A	1.8869474796299275	0.04372241763083018	49.81366193670538	-0.8815953830277785
CMTSOLUTION_201312281521A	0.8456362901685879	0.17065056232196918	360.05410691955	0.8183681909103968
CMTSOLUTION_200810140206A	1.4458079454131465	0.14152941172430372	22.141185643984876	0.9176868273722327
CMTSOLUTION_201206071603A	0.6944198410474773	0.05794676226643765	27.70400700962826	0.8897146675507632
CMTSOLUTION_201010211753A	1.1548006941157098	0.048000297058202024	1578.336995201124	0.6609867375725493
CMTSOLUTION_201103220718A	1.1261017519873233	0.19836389306034732	710.4762550011203	0.6625178441070048
CMTSOLUTION_200908050018A	1.0549447316884006	0.056974591599670395	259.0444778503652	0.9763494029886313
CMTSOLUTION_201007180556A	0.6429318381079702	0.05525915009741413	728.4047559617298	0.9349746197338892
CMTSOLUTION_201111231217A	0.8949650663145391	0.07441012132408308	193.96448513641076	0.9849174767052531
CMTSOLUTION_201203141049A	1.13292551601257	0.26459628694241916	5.418432109540074	0.8694074377409932
CMTSOLUTION_201110140610A	0.8698271691829365	0.02206287509185315	18.988008453412295	0.9812471647962889
CMTSOLUTION_200908101955A	1.0992720224525845	0.07814310309783706	7547.765644190575	0.9821136512008176
CMTSOLUTION_201309040023A	0.8152413433342586	0.07264273443567196	947.5404439804117	0.9559388293086524
CMTSOLUTION_201003160221A	1.029681027243649	0.08807773331185854	1311.0208495862946	0.9811696111858448
CMTSOLUTION_201007181304A	0.8031638029721695	0.06024709748203403	4185.080386686993	0.9673539127782237
CMTSOLUTION_201010031521A	1.2829737180629566	0.007285640305635443	23.808316969231996	0.8061236935967492
CMTSOLUTION_201102041353A	1.0240379351472237	0.04730074156679151	648.2670119896427	0.9935479751984972
CMTSOLUTION_201007300356A	0.8587012365099125	0.06691470203261451	473.41366214354446	0.979597111465872
CMTSOLUTION_201210240045A	1.0721539572346137	0.08101812357045715	737.8324825855115	0.9814401582468313
CMTSOLUTION_200805191426A	1.1405734254025577	0.1051651691596098	139.45851768947182	0.9738766474639393
CMTSOLUTION_201205071415A	1.3171128551184448	0.09071730597215336	46.468590414659715	0.8649122983674671
CMTSOLUTION_201106222150A	1.1679716742942359	0.04108326741195083	1366.60068229619	0.9426153469616763
CMTSOLUTION_201401261845A	0.4239022568481264	0.0878544205955145	64.93703266080792	0.8451145177785683
CMTSOLUTION_201106011255A	1.0572912134752246	0.031642767551876755	133.34262907124287	0.9431691615589098
CMTSOLUTION_201209262339A	0.8719887253604879	0.05566427400382577	421.62407327487074	0.9800814397841129
CMTSOLUTION_200801060514A	0.8370945096056307	0.07091726398071037	442.50446171660457	0.9045345203737696
CMTSOLUTION_201209031823A	3.6050892454748285	0.3732834504034747	106.62130458530422	-0.7029839757869553
CMTSOLUTION_201105132335A	1.5663993497367834	0.46311476821871456	75.9031690940407	0.7891197402523713
CMTSOLUTION_201008121154A	0.5106109731177432	0.08684534905566967	3284.990611023984	0.8671240335693801
CMTSOLUTION_201005060242A	1.0446334894291482	0.12825352289714625	213.36051914912758	0.9341790770548019
CMTSOLUTION_201005251009A	1.0525948436307204	0.06680740615448091	1125.1729275344846	0.987505208832872
CMTSOLUTION_200806281254A	1.468939368652604	0.14940908060922278	258.5079311316158	0.9716826686330593
