event	E	sd	signal/noise	char_func_max
CMTSOLUTION_201308120949A	1.0160760794045314	0.06546336893515375	122.15678835617268	0.9902083499532003
CMTSOLUTION_201005241618A	2.3774088035572625	0.18954406398635185	124.3744216860139	0.6772837260565582
CMTSOLUTION_201402101206A	NOT FOUND	NOT FOUND	14.369973597095882	-0.4107346375016278
CMTSOLUTION_200802141009A	0.5645583601953662	0.026314296918320077	1331.9181193292334	0.8206845867534491
CMTSOLUTION_201003111439A	1.009345452516107	0.03142616262203498	2932.5620212123526	0.9888644756025098
CMTSOLUTION_201201101837A	0.872399566464989	0.05342869774493477	6728.488305433682	0.9610954250908251
CMTSOLUTION_200906062033A	1.0067651554248658	0.09695501205968297	15.273231931363082	0.9735556389939715
CMTSOLUTION_201304060442A	1.220848707584599	0.06431795039465919	950.2499269043128	0.9847316837911684
CMTSOLUTION_200810122055A	0.7859322337720255	0.03598373176326686	59.87954882596915	0.7817162457984487
CMTSOLUTION_201208261505A	0.8273150263439714	0.05310818681392487	496.42854110856507	0.9666005047561862
CMTSOLUTION_201111072235A	0.9333457573501507	0.0475334210245594	72.82814238332625	0.9904430947971252
CMTSOLUTION_201103112011A	0.9086512151690377	0.08087154499370391	9.099594810046748	0.9792260827387218
CMTSOLUTION_200907040649A	0.9420068327318033	0.014993504006225483	85.09263386818623	0.967397908342516
CMTSOLUTION_200802131958A	1.0104708466294205	0.04968731898961621	225.76762337743634	0.9492801100098296
CMTSOLUTION_201304201312A	1.032458689629905	0.12656243026335848	37.992105463066025	0.8465740047465672
CMTSOLUTION_200905191735A	0.866305637047724	0.0788383949826653	45.92228196020815	0.9721778304269787
CMTSOLUTION_200811240902A	0.3683249988434176	0.01891972285973238	2189.3555963585795	0.8424964566167267
CMTSOLUTION_201305140032A	0.35449576456456444	0.016531432643390978	214.46990570455964	0.7725511709861638
CMTSOLUTION_200808100820A	1.1317433974558333	0.10828122163640265	158.88613142853092	0.9748856175241896
CMTSOLUTION_201102120117A	0.8616177966491153	0.09423087243832766	17.336858979789792	0.9060514368106227
CMTSOLUTION_200807080742A	0.911094110859419	0.059988396806965265	79.55105209157738	-0.9869281458647595
CMTSOLUTION_200906162005A	0.9586338318112756	0.08486231351449759	181.1351948344769	0.9669458152845026
CMTSOLUTION_201101022020A	0.8802757159892953	0.06968449113531695	670.3255717483155	0.9825579410919252
CMTSOLUTION_201004042240A	0.9222351670607274	0.03532865787157444	1873.7044163248606	0.9778025455632464
CMTSOLUTION_200908280151A	1.4097107342405006	0.48871880057718803	396.62701288819915	0.6411333962238542
CMTSOLUTION_201204150557A	0.8773309273190024	0.06217018190379517	270.89866573395926	0.9890551788869194
CMTSOLUTION_201307041716A	1.3680296066884077	0.21841775418176235	21.099082046631082	0.9037927505662119
CMTSOLUTION_201012151129A	0.8096284668120045	0.03543086401909563	50.94339479855118	0.9508790083361772
CMTSOLUTION_201310041726A	NOT FOUND	NOT FOUND	788.4979270544325	0.200850383809665
CMTSOLUTION_201306061153A	3.098130253837713	0.23794798249907892	10.672911385701436	0.7079165776076043
CMTSOLUTION_200804190312A	1.002667546489419	0.016079128776638803	100.80243811648172	0.9813244856717456
CMTSOLUTION_201009270008A	0.8634566182888113	0.06978006169579466	61.15808639606101	0.9743351095605263
CMTSOLUTION_201401282222A	0.8855567255609884	0.03428294849038187	43.79023103483706	0.9849621090523227
CMTSOLUTION_200806050216A	1.026982121626021	0.07296850635825072	116.62265580011422	0.9721722127863924
CMTSOLUTION_201111300047A	0.902219486014256	0.07654785235199692	118.08238573780729	0.7888424979123253
CMTSOLUTION_200801090826A	0.92325125231392	0.029546426580185865	1374.424581430658	0.9706241031207045
CMTSOLUTION_201210141013A	4.027417002959972	1.080469957547578	20.18102296123681	0.7960357582191453
CMTSOLUTION_200808042045A	DiffNPTS	DiffNPTS	DiffDelta	DiffNPTS
CMTSOLUTION_201004302316A	0.883301378859601	0.05509085281646347	1908.070403511647	0.9909051847054292
CMTSOLUTION_201004231003A	0.8412580040507416	0.05633539155342792	59.93993713035397	0.982368047889256
CMTSOLUTION_201310312303A	0.8762708459111499	0.08528365359899925	95.69215666292331	0.8404457628326619
CMTSOLUTION_200904070423A	0.9833116056524381	0.06898780125126332	1247.960741937281	0.9843464483077378
CMTSOLUTION_201204112255A	0.9172131377328127	0.06474505834487557	126.39714544687277	0.9890992283896288
CMTSOLUTION_201301302015A	1.0130495389634253	0.10448665810081524	417.20842939131666	0.9543769449564267
CMTSOLUTION_200912100230A	2.016366718680225	0.11687159374522176	65.13128248933673	-0.8301580235915778
CMTSOLUTION_200907061453A	0.6739564094693088	0.031975118896611136	30.37249996633227	0.8806877610502701
CMTSOLUTION_201105280547A	10.461466176418785	0.45389808773365764	20.9054709840564	-0.9118687882166198
CMTSOLUTION_200908031800A	1.4990428825815583	0.1709410202990849	586.7095789388604	0.8207648095706527
CMTSOLUTION_201006010326A	0.8482804529575552	0.0572259484820751	111.24646055911451	0.9913933126741235
CMTSOLUTION_200805201353A	0.9933902256499662	0.07328567033390818	122.66746291064794	0.9922162053178906
CMTSOLUTION_200808262100A	0.8765344719443479	0.019534590883961454	291.30364675013516	0.9904649265433761
CMTSOLUTION_201005190415A	1.011878526096739	0.08575262786577735	74.2931949012303	0.9619321370490437
CMTSOLUTION_201204171903A	0.8883215226317499	0.06683703381032992	21.335600315013597	0.9576883964024571
CMTSOLUTION_201206070405A	1.0710327219879696	0.029601357808223934	101.26812087823907	0.9526120851735972
CMTSOLUTION_201308070906A	NOT FOUND	NOT FOUND	31.63266907514428	-0.059054074710567915
CMTSOLUTION_200908031840A	1.5688028093423858	0.17749186091401342	512.4500167768855	0.8358487257274179
CMTSOLUTION_200906191405A	1.1690469705621633	0.06594737444636892	124.75715726661608	0.9514124079436038
CMTSOLUTION_200810301515A	0.8555081892015434	0.03278320676464351	63.31250064909351	0.9899603263630536
CMTSOLUTION_201402180927A	1.158329701653767	0.09258908481092139	280.9112575639364	0.9418566203429657
CMTSOLUTION_201107160026A	NOT FOUND	NOT FOUND	42.69844825027707	-0.40792003556300754
CMTSOLUTION_201104071311A	NOT FOUND	NOT FOUND	4930.019121196505	-0.47101861309101883
CMTSOLUTION_201002271900A	0.8624026598651594	0.02171896342859336	7.458892912048977	0.8114336403305026
CMTSOLUTION_201306242204A	1.0175502179192928	0.08064900179276258	1160.0074768546967	0.9852526682162013
CMTSOLUTION_200908171011A	1.195199041374878	0.13529957638454684	140.6396678467456	0.8788696596158485
CMTSOLUTION_201302010536A	NOT FOUND	NOT FOUND	29.75431191414996	0.0960070062278185
CMTSOLUTION_201201151421A	0.8909082368986128	0.042867351590216624	179.62839673020687	0.6177714646516783
CMTSOLUTION_201306050447A	1.0777911038797003	0.12520927777210153	38.780563463620126	0.8261783485470988
CMTSOLUTION_201001220046A	0.7863146390622568	0.07495193996394602	30.162990232825873	0.7882371352509052
CMTSOLUTION_201003051147A	0.876190409430567	0.08264350247501814	98.73458742877744	0.9553841773353076
CMTSOLUTION_200802270654A	1.005541851117487	0.054710571229388875	56.64496942347971	0.9571703464100365
CMTSOLUTION_200905120126A	0.9421275622460744	0.06397032804254237	291.5930590746592	0.9742870803949428
CMTSOLUTION_201106240309A	0.9455830645028275	0.06131024351019454	16952.80664475757	0.9939032678956119
CMTSOLUTION_201310121311A	0.9690292383553814	0.08148498187086807	771.3969070801786	0.9515353316699445
CMTSOLUTION_201112271521A	0.9294129494377922	0.05782944563948677	2583.6269893088975	0.9847206781146821
CMTSOLUTION_201204200121A	NOT FOUND	NOT FOUND	11.668160125937106	-0.14022910960715432
CMTSOLUTION_201310311202A	0.9345813770119217	0.0486369328118314	95.13741346850762	0.9907285365691055
CMTSOLUTION_201109181240A	1.094185249844032	0.2025673436815687	1197.8375418181456	0.7743719849018393
CMTSOLUTION_201002180113A	NOT FOUND	NOT FOUND	486.1088760690907	0.3719759837580543
CMTSOLUTION_201109091941A	0.8805743605352119	0.0536589110233722	1027.4991245285962	0.9922545900061681
CMTSOLUTION_201107161959A	0.9517074282810216	0.0060145437216259715	34.40947671315553	-0.9363287435123345
CMTSOLUTION_200909020755A	2.165291466826831	0.062273817055087825	2132.986465859757	-0.8846177793629555
CMTSOLUTION_201011031118A	0.9853068691411098	0.09735129921744014	36.60407296857856	0.966501120382485
CMTSOLUTION_200905100116A	0.9880413755391853	0.07248427383151357	137.79928254846368	0.9732160867460782
CMTSOLUTION_201304051300A	NOT FOUND	NOT FOUND	35.0547860010895	0.19410099786572438
CMTSOLUTION_201003031744A	NOT FOUND	NOT FOUND	18.491800463979608	0.439741041443723
CMTSOLUTION_201001032148A	0.7877334405786349	0.0828647519328921	466.98289167252517	0.7662999670657755
CMTSOLUTION_201211161812A	0.9780069479271347	0.04875864293746158	389.5167719829352	0.9901967722109147
CMTSOLUTION_201007181948A	0.8896090801115575	0.05142933600153815	14.63768321953587	0.9910432765812268
CMTSOLUTION_201103130126A	0.9033017015181414	0.06110830881540787	76.3276055892226	0.9904483299259862
CMTSOLUTION_201208101837A	0.9058743059864249	0.037743702555962225	74.49584254053873	0.9899999006200263
CMTSOLUTION_201310251710A	0.8820541489367112	0.06844990528866421	2031.0459217329014	0.9550034316586882
CMTSOLUTION_200912170137A	NOT FOUND	NOT FOUND	711.3054768531599	0.0896542591932786
CMTSOLUTION_201205070440A	NOT FOUND	NOT FOUND	88.90760603652126	-0.09358796500211568
CMTSOLUTION_201211190944A	0.9712432816240301	0.0266516097655088	107.93203664011742	0.9925470739704008
CMTSOLUTION_201001032236A	0.7607125354529756	0.07377555635309667	1007.7823200753674	0.7537056444334121
CMTSOLUTION_200802250836A	1.050424317817835	0.03739171301017331	508.15727436219794	0.6193692063063839
CMTSOLUTION_201210300249A	0.9386290968986988	0.050403582133845035	954.9413681979096	0.9929171946395031
CMTSOLUTION_201104091257A	1.0657326781781769	0.01718194345520232	55.91669564181537	0.9822218109855689
CMTSOLUTION_201005232246A	0.9966789440067749	0.07629625231146728	153.8672397303439	0.9721852542472758
CMTSOLUTION_201203252237A	0.8668443401152562	0.03971325313190465	357.4100263365193	0.9910089488443485
CMTSOLUTION_201109021347A	1.0513804006916465	0.03511642311575093	14.419763377489975	-0.7503597646321198
CMTSOLUTION_201011100405A	NOT FOUND	NOT FOUND	114.56586653904044	0.3939211213391101
CMTSOLUTION_200804231828A	1.049151338665857	0.082320759776939	74.26036694729633	0.9034274400075669
CMTSOLUTION_201310120210A	0.9559781237274194	0.08134538450312001	64.64325516152252	0.9738184066458416
CMTSOLUTION_201004132349A	1.3732248205933295	0.14410298669111707	3683.4687007870493	0.8940778279289836
CMTSOLUTION_201304140132A	1.3509177873576697	0.03704085239165508	93.85851566174838	0.7165182324379387
CMTSOLUTION_200805071602A	0.9232967650373701	0.10682223832583287	1115.0388268372913	0.9464068241766084
CMTSOLUTION_201310150012A	0.9203770394937083	0.04204982006640249	3332.530806830048	0.976508303447318
CMTSOLUTION_200805071616A	0.9311893788217875	0.10687182079618975	1201.8763347095287	0.9290063591524518
CMTSOLUTION_201102101439A	1.8518347278870277	0.15457631083385737	244.06769566837158	-0.9212843148970272
CMTSOLUTION_201309280734A	0.6588494021848368	0.08757885822386266	4538.690673135457	0.9529367828636433
CMTSOLUTION_200903161415A	1.0499450036823346	0.10290097209000736	142.49301378902675	0.9071048584709999
CMTSOLUTION_201310161031A	1.3128203632045776	0.03124045194933364	141.0649340131692	-0.7097474434716428
CMTSOLUTION_201208111223A	0.9957072540834982	0.10265816077801017	1156.215279537721	0.951320930105573
CMTSOLUTION_201402120919A	1.4123728965637903	0.09006997332953093	3205.5922665420862	0.930259701907673
CMTSOLUTION_201005141229A	0.9909018097635691	0.005980132872514981	10.889824675514667	0.9029541545398858
CMTSOLUTION_201006160306A	1.0029137086291258	0.10943108477087475	1377.4269650764345	0.9640483079127353
CMTSOLUTION_201001050455A	0.9562963553359917	0.059677651406541646	893.8375144384831	0.9766373290926407
CMTSOLUTION_201206040045A	1.0717890551849656	0.03909328759877266	104.61916901137573	0.9739789382884667
CMTSOLUTION_200909240716A	0.9600313409425284	0.09983496912412987	121.75794885103454	0.9448356243478703
CMTSOLUTION_201206140552A	2.792518432608941	0.5050749646306723	15.614107705552165	-0.8376690792520172
CMTSOLUTION_200811021348A	0.9349359189298722	0.07039358367314445	140.95030092926498	0.9884140598737904
CMTSOLUTION_201103090245A	0.7762991689572716	0.06766309290906361	7677.473321125454	0.9539354267743733
CMTSOLUTION_201211071635A	1.1021759723559945	0.028387945360294504	6367.820344792364	-0.7954542167693753
CMTSOLUTION_201309040627A	0.9206098196621663	0.07748965777503389	33.12782918812971	0.9801900126700108
CMTSOLUTION_200803031411A	NOT FOUND	NOT FOUND	256.7628467046205	0.33925458486685767
CMTSOLUTION_201312010629A	NOT FOUND	NOT FOUND	25.65331527211378	0.0815877432676064
CMTSOLUTION_201005260853A	1.0258976230309638	0.06680022135163509	1136.668302427432	0.9917764126007539
CMTSOLUTION_201004022258A	1.136635455958513	0.02941015967836797	27.479427395575183	0.9689647034150505
CMTSOLUTION_201010251937A	0.7060662664964413	0.04201414301754593	4.913026684993228	0.7408722505307588
CMTSOLUTION_200902120830A	1.2747320257705594	0.1647421067799811	33.62563737538241	0.8952028813777119
CMTSOLUTION_201304200002A	0.6942572675587796	0.138235169490853	553.78498303067	0.8421022413322985
CMTSOLUTION_201204210116A	1.051068725209549	0.08476239448567253	352.0980147171789	0.9357467857645093
CMTSOLUTION_201011030056A	0.7002386133526125	0.16835853165741452	39.685243010543374	0.795444759030245
CMTSOLUTION_201003241411A	1.0339434357170103	0.02988828518595867	9.559632430308769	0.8215945845576283
CMTSOLUTION_201204141056A	0.9265898126577436	0.08434075178047674	85.14546486723194	0.9782554286178142
CMTSOLUTION_201305241456A	NOT FOUND	NOT FOUND	9.977536915716854	0.278739241565676
CMTSOLUTION_201204170713A	1.0575245860884692	0.10729549253924388	106.96911865989216	0.9730725552108856
CMTSOLUTION_201203140908A	0.9027970244900171	0.0449074789934823	4157.76817685451	0.994960185152357
CMTSOLUTION_201002231025A	NOT FOUND	NOT FOUND	21.16100311592131	-0.1330690651218212
CMTSOLUTION_201212070818A	0.8854848893255647	0.14717229170122367	2990.7552853840443	0.8873759143251659
CMTSOLUTION_201003081112A	NOT FOUND	NOT FOUND	28.33986716383075	-0.0694985811118874
CMTSOLUTION_201002262031A	0.9394175870677413	0.08485177561351588	4790.610439530954	0.9840971302732213
CMTSOLUTION_200811071604A	2.4504964252743227	0.10804117623429405	108.71825302173386	0.8271570266230385
CMTSOLUTION_200808270135A	0.7441903227962953	0.07169160338698338	278.61853465242314	0.9671663524431289
CMTSOLUTION_200902281433A	1.488194546462027	0.09302833982855642	47.94160949775858	0.934814859779208
CMTSOLUTION_200806031620A	1.016775942652212	0.06790682452911395	155.71612787755194	0.9075596248723528
CMTSOLUTION_200810281600A	1.0224308029225702	0.07543345656565485	118.19327611710598	0.9827472682765995
CMTSOLUTION_201207250027A	1.2747794501723744	0.021821358942491334	33.41071137719919	0.6959467253023376
CMTSOLUTION_201311120703A	0.9117364030217568	0.0646674064844151	145.60178940341444	0.9914500889409071
CMTSOLUTION_201204120706A	2.5312062587565256	0.12938733051743048	849.7671760338027	0.6490939257058874
CMTSOLUTION_200801051101A	0.9502839890779898	0.05727038143887863	800.5626586175962	0.9889109594869948
CMTSOLUTION_200809101308A	1.03383419126553	0.06639446443307644	565.4401563207314	0.9854389691502217
CMTSOLUTION_201304191958A	0.9053430029087273	0.08015221113168845	17.460870483995887	0.9691908985480086
CMTSOLUTION_200912192319A	1.0354179852867968	0.07313100645128934	108.64431555501834	0.9826237657877206
CMTSOLUTION_201108102345A	1.146619746306443	0.0388111496113627	372.6981259688333	0.9874378659619786
CMTSOLUTION_201208121047A	1.2603539085848334	0.0678330863513733	78.0914836484792	0.9750743896395094
CMTSOLUTION_200810282309A	NOT FOUND	NOT FOUND	393.28899373719753	0.5531521768246418
CMTSOLUTION_201007120011A	1.0544231947757734	0.07540630421909705	448.65195876953584	0.9926328697829891
CMTSOLUTION_201110281854A	1.6676216528803864	0.09310890716529525	1594.5179415185412	-0.9217715523234496
CMTSOLUTION_200912091600A	0.901606028709552	0.06138309594709917	526.9829521477807	0.9891282512610612
CMTSOLUTION_201008142301A	0.9031208822559414	0.03544305766243586	431.0676888931163	0.9736414152818638
CMTSOLUTION_201108171144A	0.9032697859492687	0.05518660022054386	337.93803225095655	0.9862365268192249
CMTSOLUTION_201206191556A	1.007877985553834	0.04581762193923056	77.54771994753582	0.8689148360842289
CMTSOLUTION_201212070831A	0.875350711279609	0.145401067639491	2645.663416963237	0.9105059090897408
CMTSOLUTION_201110232045A	0.9030137605335024	0.12628804114466172	115.55096365491758	0.939379809252935
CMTSOLUTION_200807050212A	3.2807152811683995	0.34526462035492095	11369.085785324361	-0.7845446760377952
CMTSOLUTION_200904040531A	1.0144336900404574	0.14478058745438196	177.98071576987732	0.9201352953374072
CMTSOLUTION_201007232251A	0.6104613289538348	0.04118138701119996	196.65387923271993	0.7711152433710429
CMTSOLUTION_201107112047A	0.9298650863184237	0.0649828225042701	440.5356010176583	0.9326014374248986
CMTSOLUTION_201003111455A	1.0073401956131005	0.030630802498012626	3156.7322643672837	0.9866497729474789
CMTSOLUTION_201106230734A	NOT FOUND	NOT FOUND	2709.0073899421122	-0.06005902040637171
CMTSOLUTION_201205231502A	0.9257339928001145	0.04249048317589648	80.445267446266	0.984495426706427
CMTSOLUTION_200902162316A	1.0758005245323767	0.03794632967893465	65.6332229904899	0.9698213928854272
CMTSOLUTION_200907010930A	1.090574305991717	0.053450303182428716	629.8160492577333	0.993948606088829
CMTSOLUTION_200902120349A	0.9208157534445897	0.054057842849420105	58.71104253106286	0.9603113904646896
CMTSOLUTION_201310191754A	0.8237951860502627	0.06936161310772422	249.01319131135992	0.6624451292411759
CMTSOLUTION_201205262148A	NOT FOUND	NOT FOUND	9.95145059190349	0.5701060257431074
CMTSOLUTION_200806032204A	0.9642316400243479	0.036073218229498126	16.672624297981017	0.8470110537856647
CMTSOLUTION_201102071953A	1.0677893034790942	0.09944811407216755	45.27888789712023	0.9308812106299346
CMTSOLUTION_201007201918A	0.8473922583251003	0.055126522420954005	296.08061964537114	0.9157693242166921
CMTSOLUTION_201303202228A	0.8802850015222019	0.052644580446866575	79.23181221281416	0.9787022564218049
CMTSOLUTION_201207200610A	0.9031741904398444	0.08248354109989924	56.465931466967035	0.9835965402844254
CMTSOLUTION_201105151308A	0.9421345480710405	0.0578387032364818	161.30366345152527	0.9936566257602549
CMTSOLUTION_201109141810A	0.6679956123604904	0.1395047440131091	49.737916004021876	0.6369208860395661
CMTSOLUTION_201311160334A	0.8727995684436878	0.035760268275960586	425.787099444105	0.9933285352628045
CMTSOLUTION_201301202332A	NOT FOUND	NOT FOUND	117.05833996646223	0.3272070910459966
CMTSOLUTION_201002070610A	1.1422291850734807	0.1426985020732173	152.68063059703854	0.8626384350980447
CMTSOLUTION_200807240143A	0.8309779739418396	0.055377945254318925	184.06914158093366	0.9782774489445931
CMTSOLUTION_201206040315A	NOT FOUND	NOT FOUND	10.101440422206597	0.5049741604822071
CMTSOLUTION_200807131458A	1.0248000712892353	0.06432231701991035	404.7852986543769	0.9668962472653694
CMTSOLUTION_201006240532A	0.8933497799204935	0.0075420184620450135	49.37479295227965	-0.697897665511099
CMTSOLUTION_201206251305A	NOT FOUND	NOT FOUND	30.82814280309661	-0.12473494332807339
CMTSOLUTION_200907071911A	0.9591682737530323	0.041863114560144715	256.26220963902136	0.995593869935652
CMTSOLUTION_200803202233A	1.1644500699443354	0.02632890765185439	9714.07492298773	0.9729322191446895
CMTSOLUTION_201303240418A	0.9528538038050381	0.06721553643248988	334.4949955295572	0.9899549917437696
CMTSOLUTION_201201010527A	0.5112272733639314	0.01178250152720405	265.11701991523324	0.7858595741157137
CMTSOLUTION_200804140945A	1.0158045917004273	0.062065178525281255	157.78515250786904	0.9885473051340197
CMTSOLUTION_200811221849A	1.0565893854122992	0.08343964979345388	101.66130537011978	0.9738481077418373
CMTSOLUTION_200803030237A	NOT FOUND	NOT FOUND	25.679891418852087	0.4402585531404336
CMTSOLUTION_201203040331A	NOT FOUND	NOT FOUND	26.03736043944059	-0.47337168849779315
CMTSOLUTION_200811010113A	0.8877738069856688	0.029771115698044397	136.52223813362696	0.9835351767311736
CMTSOLUTION_201112140504A	1.075488856416037	0.08241380997175421	705.6774990516333	0.9571562529901695
CMTSOLUTION_201103251136A	0.7862931768444166	0.05193356554636196	204.85829008638188	0.9632801780627458
CMTSOLUTION_201107261744A	NOT FOUND	NOT FOUND	29.376976430071167	0.2735045956928854
CMTSOLUTION_201202061010A	0.9797876700555861	0.02029707898925236	9.864029576934389	0.9660828153307381
CMTSOLUTION_201208140259A	3.5440526761721753	0.19840073188233276	10577.677143047087	-0.7876065923299217
CMTSOLUTION_201003080747A	1.1151372227276584	0.06462916291267869	61.97169465893286	0.9299163622725696
CMTSOLUTION_201208180941A	NOT FOUND	NOT FOUND	16.732381496013918	0.23868725673169502
CMTSOLUTION_201301281638A	1.1593958124993229	0.12035239371991253	360.74209825462094	0.8832980808685686
CMTSOLUTION_200809240233A	0.8056685773572345	0.07414323690557875	58.161830813371054	0.6447433971889727
CMTSOLUTION_201210120031A	0.8234349637395468	0.039794933030108205	430.97968701114974	0.9856354721800747
CMTSOLUTION_201007140832A	0.866195585903256	0.0947871892039157	166.49063046288077	0.9461700140084737
CMTSOLUTION_201306151734A	1.1445063702786422	0.0469108268411973	189.27729816413648	-0.7153648572317544
CMTSOLUTION_201105151837A	0.9907569015970275	0.11375311115827964	51.09941327337404	0.9080758127345411
CMTSOLUTION_200806222356A	NOT FOUND	NOT FOUND	35.07781827660904	0.03955749119088062
CMTSOLUTION_201109021055A	0.9957128137844702	0.06564348887249793	1913.478280786295	0.9849614747667432
CMTSOLUTION_201107100057A	NOT FOUND	NOT FOUND	529.053505643896	0.4298530051896461
CMTSOLUTION_201008240212A	0.9365233719459742	0.09548497539729668	37.58577273378778	0.9742171606168013
CMTSOLUTION_201402010358A	0.9818318617613954	0.07408981161180433	95.53223733869356	0.9665930485292069
CMTSOLUTION_200811161702A	1.0070749043339111	0.1314822007707779	7062.975200453716	0.9714577787835901
CMTSOLUTION_201312172338A	0.7896798000115326	0.0704052476727037	29.169602280157406	0.976821515695823
CMTSOLUTION_200807191101A	1.185548102263488	0.08987586843603732	7.740556670203675	0.8584982643292473
CMTSOLUTION_201002281125A	0.9383229614595039	0.03825750817285431	71.73703847570417	0.9799172226667852
CMTSOLUTION_200908280152A	1.3725345871929884	0.3331346278511109	452.73117375476124	0.8012562519109925
CMTSOLUTION_201004260259A	1.0361246898102696	0.18333194370280698	427.11134278721795	0.8891406810252163
CMTSOLUTION_201402262113B	0.4974823297753866	0.04895302124699668	53.72875244203151	0.8746480215004958
CMTSOLUTION_201209190917A	NOT FOUND	NOT FOUND	15.123704244983967	0.30268438382740065
CMTSOLUTION_201003051606A	0.7891738023950723	0.023184335122215266	80.83675298043875	0.7010767484284484
CMTSOLUTION_200908122248A	0.9593900277842229	0.06981353441162554	1141.8500593423805	0.9857672406100849
CMTSOLUTION_200803030931A	0.8903529627850688	0.09126967554789121	390.148726498069	0.9846964177333114
CMTSOLUTION_201003050919A	0.904175437290075	0.02597072273298978	13.59977127604185	0.9143969528455497
CMTSOLUTION_201005032309A	0.9200868205623275	0.11266867925569546	57.92792492695309	0.9280219439825534
CMTSOLUTION_201302060123A	NOT FOUND	NOT FOUND	618.9153498294903	-0.21612047012556618
CMTSOLUTION_201003080947A	NOT FOUND	NOT FOUND	13.445946425299724	-0.3665602102626687
CMTSOLUTION_201003070705A	0.803283907395681	0.044863916636870116	41.61502387592597	0.9394632926735526
CMTSOLUTION_201302170542A	NOT FOUND	NOT FOUND	23.005295221081198	-0.20343093348181157
CMTSOLUTION_200906231419A	1.124579871095144	0.1594268936696772	97.26406973752468	0.9463530250600817
CMTSOLUTION_201111091923A	1.0512072916334165	0.11202685515287461	168.60396092742297	0.9248831263767783
CMTSOLUTION_201309050401A	0.9418352288429284	0.07287687487221865	553.3494282175297	0.9818963817986707
CMTSOLUTION_200802101222A	1.1330908927301708	0.07673792416910673	486.95633483490553	0.9864071317905918
CMTSOLUTION_201307212345A	NOT FOUND	NOT FOUND	48.21421990508537	0.28118816249632295
CMTSOLUTION_201304210322A	1.6558823838106704	0.13883640895815227	39.57842609547629	-0.7873612424819433
CMTSOLUTION_201205280507A	0.9255022562878306	0.0475052958590707	324.9799518269024	-0.8837939808848059
CMTSOLUTION_201209220352A	NOT FOUND	NOT FOUND	12.898124116108896	0.26608952417924836
CMTSOLUTION_201308301625B	0.9441777054424672	0.07304778446585983	2822.7404675989796	0.9897042371548508
CMTSOLUTION_201105132247A	NOT FOUND	NOT FOUND	176.35683097035724	0.08407636551354061
CMTSOLUTION_200907131805A	1.0195751277436595	0.10171001462064377	178.67919721917588	0.9646677279897057
CMTSOLUTION_200811100122A	NOT FOUND	NOT FOUND	372.49582026275243	-0.37040150692774904
CMTSOLUTION_201309300816A	0.9287856913897508	0.03104516537459774	17.382969938042518	0.9898948382287457
CMTSOLUTION_201009291711A	0.7889547626121518	0.044515279027030466	1793.7803810886671	0.9835052559369827
CMTSOLUTION_200802201827A	0.7544829540770267	0.03441730564435389	372.7069111190061	0.9332763158833561
CMTSOLUTION_201107190713A	NOT FOUND	NOT FOUND	14.222479459716084	0.18247811098371788
CMTSOLUTION_201110231810A	0.8688328862544334	0.12976176180028837	35.38245691018066	0.9756037854656157
CMTSOLUTION_200909172321A	0.820902604126878	0.044133748532262006	255.63303865064842	0.9768248725596363
CMTSOLUTION_201107151326A	NOT FOUND	NOT FOUND	29.40795152768311	0.4469883622581685
CMTSOLUTION_201104242307A	NOT FOUND	NOT FOUND	968.766656524323	0.052850889135368964
CMTSOLUTION_200805310437A	1.303303513062981	0.031061169755839932	130.25940534410432	0.9053936019514907
CMTSOLUTION_200812182119A	0.9671172814844058	0.08963179553467111	92.72365084875963	0.8588665717107175
CMTSOLUTION_200805020133A	0.8186771510118658	0.03441117648648604	669.2264139208812	0.9938991884191243
CMTSOLUTION_200804241214A	0.9189204848937419	0.07340870209423606	446.92046913608783	0.9913888546698123
CMTSOLUTION_200908100406A	1.0136483968913894	0.09859462648888483	43.67956305032082	0.7550185422117958
CMTSOLUTION_200804152259A	0.9828259040952011	0.04726264409313659	412.2562983456354	0.929501194240991
CMTSOLUTION_201206020752A	NOT FOUND	NOT FOUND	78.60673914490529	-0.10371159405673445
CMTSOLUTION_201206240315A	0.9151238862231762	0.09451147500059064	114.04019597570021	0.9754253696447293
CMTSOLUTION_200810161941A	1.1913989493124737	0.022200733022409703	639.9904789779524	-0.7876691465218293
CMTSOLUTION_201206101244A	NOT FOUND	NOT FOUND	203.60271650855339	0.5516203898594124
CMTSOLUTION_201210012221A	0.8224322005477933	0.051290895588203274	147.55998471548537	0.9657603962937286
CMTSOLUTION_201203201756A	0.5265623434449169	0.03637280619957436	3769.3439322251515	-0.9688173273551837
CMTSOLUTION_201203261812A	0.8566666301877504	0.063504800143169	24.293022823679607	0.9219518738552213
CMTSOLUTION_200801100137A	0.8461661976506986	0.029155659546576878	175.72789858105762	0.9832561203909818
CMTSOLUTION_201210081143A	0.8056701609713254	0.17566741622947804	83.1855675959404	0.6725582345789438
CMTSOLUTION_201003282138A	1.1320948724326965	0.05316614261480635	10.71517485536194	0.9787436607748784
CMTSOLUTION_201307071835A	1.3168389582992541	0.2685635177011412	945.2207846117437	0.8939859138361279
CMTSOLUTION_201301081416A	1.2729041509413677	0.05269847325060495	105.07553229329622	0.956638442840761
CMTSOLUTION_201110231041A	0.8982669565233825	0.12905088762322633	17849.864136189877	0.9254980428511246
CMTSOLUTION_200901130104A	1.236015593197399	0.15281466847013758	69.79206996184956	0.7230424833648138
CMTSOLUTION_200806300617A	1.017085850553131	0.048489351495481114	1328.7170903772765	0.9030533999416349
CMTSOLUTION_200803151443A	NOT FOUND	NOT FOUND	11.221549254523708	0.23416745579155449
CMTSOLUTION_200803201410A	1.2046486220337604	0.19170530910558736	50.30250035407223	0.8396236852429264
CMTSOLUTION_201004240741A	0.9460121317538364	0.02918369824845391	41.73099724241955	0.9654171634534544
CMTSOLUTION_201304190305A	0.9125883537867521	0.07483759286221725	3479.217545248785	0.9857952328756293
CMTSOLUTION_201108161103A	0.9492348102242747	0.033707890610213766	60.64199295613136	0.8173205194819096
CMTSOLUTION_201307220701A	0.9891109782648314	0.11773921647387488	276.35632100695597	0.9070803473649599
CMTSOLUTION_200812250320A	0.9854509294331784	0.06270190035680098	180.27434836241974	0.9839290034743193
CMTSOLUTION_201108300657A	NOT FOUND	NOT FOUND	367.11465540505776	0.5864307354642218
CMTSOLUTION_201003151108A	1.1086424143888831	0.0273454590099348	38.03878349876233	0.9792950040311528
CMTSOLUTION_201005160652A	NOT FOUND	NOT FOUND	9.790512461645896	0.4909599822319683
CMTSOLUTION_201111142208A	1.029467063604508	0.23980378565838803	8.351954099542654	0.6817986310435751
CMTSOLUTION_200807080913A	1.0506787670322022	0.06703034340450391	22.415024510437014	0.9830666584085757
CMTSOLUTION_201306020543A	1.055827840548348	0.09828501574532575	135.58781228763894	0.9226185059680165
CMTSOLUTION_201110292224A	NOT FOUND	NOT FOUND	10.52009292087314	-0.5082376175979729
CMTSOLUTION_201011030251A	1.0808536948131888	0.04323525801529008	63.10246965654313	0.9819843567351274
CMTSOLUTION_201302221201A	1.035405770694777	0.021768118695206142	24.087903898556096	-0.8585981965553485
CMTSOLUTION_200805071645A	0.9320350391176903	0.10086832176216923	589.9137044474778	0.9648150140056461
CMTSOLUTION_201211112215A	0.903497436335083	0.054301441664558844	128.81252241114055	0.9749672626386248
CMTSOLUTION_201307072030A	4.767603527381294	0.6728140589141703	4.668747898278786	-0.7250135074825947
CMTSOLUTION_201104211337A	0.7606608289334765	0.05572997459773938	76.77390492995144	0.9262707702352819
CMTSOLUTION_200906050330A	0.8593895959494786	0.037199110707150596	683.4116692315719	0.9639151676618667
CMTSOLUTION_201105192015A	1.4605597701299626	0.18524195226576787	102.66579139977556	0.8870509526516668
CMTSOLUTION_201308211238A	0.9547686392244843	0.04651080172130809	93.63398215844704	0.9886119536076173
CMTSOLUTION_201005090559A	1.6272637822946787	0.06300914373375827	2198.0002747271847	0.7009875039885727
CMTSOLUTION_201102112339A	0.8516828151608801	0.08132599910167512	4.707375431305059	0.9013915317525948
CMTSOLUTION_201206230434A	NOT FOUND	NOT FOUND	51.91972021419069	0.1896631460628517
CMTSOLUTION_201211141902A	1.1143190270877286	0.06783211846021615	226.08485531206685	0.9545966710986087
CMTSOLUTION_200909071612A	2.1910086864759784	0.016581194416751936	65.36265098469818	-0.7474466227090314
CMTSOLUTION_201307151403A	1.0736269008650658	0.07327670298434878	1106.8946205007192	0.889021134111588
CMTSOLUTION_200808281522A	0.934962758041002	0.06130639416323735	399.66128650341034	0.9894067145296879
CMTSOLUTION_201309040232A	0.9368499378913869	0.0686080898323166	189.00772049261343	0.9905782819793607
CMTSOLUTION_200806061342A	0.96526132567494	0.09020851223549185	57.047022825951125	0.8510161635984953
CMTSOLUTION_201403020937A	0.9405193193696381	0.05750470433191847	279.5172941187983	0.9864359629927543
CMTSOLUTION_201102202143A	0.8936663315931801	0.06283584693212925	148.6999032717806	0.9938506459479384
CMTSOLUTION_201110060039A	0.8817484044293623	0.0591056619367102	27.789697416377393	0.9909507103549341
CMTSOLUTION_200808151025A	0.9882586668289359	0.055064890962778085	115.46760536232605	0.9859420049939958
CMTSOLUTION_201309260118A	NOT FOUND	NOT FOUND	35.23161107814495	0.06725987568341942
CMTSOLUTION_201009261212A	0.8938590829604224	0.07210225408438768	30.850695281047123	0.9518313498390718
CMTSOLUTION_201001171200A	0.8492228856013374	0.07940965932996626	46.753330671314714	0.9868729122661178
CMTSOLUTION_201101290655A	0.8863590014834563	0.061041095206483036	1128.2333852608074	0.9881238500828826
CMTSOLUTION_200906041725A	0.9875752294206877	0.09990952440543084	154.70083203832303	0.9462259149949819
CMTSOLUTION_201108311217A	0.9220883237783961	0.08220012220959412	37.91595759210939	0.9699414536415573
CMTSOLUTION_201311191332A	0.905730868840717	0.032671447640794604	58.65680292610214	0.8531366360905008
CMTSOLUTION_201208301343A	0.8674073534853269	0.05615692957878359	940.5591047521211	0.9670566240821628
CMTSOLUTION_201103151523A	0.8083626767360345	0.03823196418243571	33.47624028556213	0.956133150365177
CMTSOLUTION_200812061055A	1.5838711423289993	0.09099801428371714	51.23742086069471	-0.9740467469183683
CMTSOLUTION_200803131328A	0.9817598899379057	0.11848202515453599	48.11140083983334	0.9243155505679975
CMTSOLUTION_201012201841A	1.0294761151328937	0.19803985081189085	544.4788926551781	0.9487389386712236
CMTSOLUTION_201006121926A	1.3399916563099514	0.04556046361021601	14972.992730164186	0.9130060428959346
CMTSOLUTION_201208192241A	0.9963030042652513	0.016403806382901388	67.58914962905462	0.9654631340618275
CMTSOLUTION_200806132343A	0.8970008628574686	0.08839844018187906	1930.8905618471995	0.9355952109068068
CMTSOLUTION_200802231557A	NOT FOUND	NOT FOUND	87.86598480372608	0.3527738840846841
CMTSOLUTION_201003250529A	0.9976551643279659	0.1170664965529649	28.315280693705088	0.9683857057273584
CMTSOLUTION_200812282259A	1.057372900814769	0.08399005527699564	21.039960062355576	0.974926865321508
CMTSOLUTION_201107191935A	1.827216814813465	0.07837242813075687	72.85342103409315	-0.7767247618459302
CMTSOLUTION_200901031943A	0.8507072553276511	0.07737239244427221	3813.817177160022	0.9565513441705775
CMTSOLUTION_200905241617A	0.7027546169738089	0.08349948106570267	17.991570431940335	0.7803521074539
CMTSOLUTION_201209140451A	0.8279414288423256	0.025206022072525973	35.79119559007805	0.731975650600937
CMTSOLUTION_201003140057A	NOT FOUND	NOT FOUND	101.99579127711877	0.59421856404986
CMTSOLUTION_201106261216A	1.0176436946660818	0.13586280415789506	244.83395818261297	0.9503922980998335
CMTSOLUTION_201212101653A	0.94586882083831	0.05320972104664133	858.2897469786853	0.9815473773003879
CMTSOLUTION_201109030449A	1.0148582185376576	0.07171321621237285	497.02552768500504	0.9842516607434467
CMTSOLUTION_201207260533A	1.0672815263135629	0.13174816294633437	724.4436855874267	0.9065734639216444
CMTSOLUTION_201307020737A	2.1187714454837674	0.029414271539775737	108.94695755304534	0.8309008607457029
CMTSOLUTION_201003201400A	0.5893737394445208	0.06283263404692944	191.82323971796626	0.9452439869785982
CMTSOLUTION_201008151509A	0.8086164989430152	0.03653082972009773	65.103496650898	0.9647664343327745
CMTSOLUTION_201111231924A	0.745528085848519	0.06330901002286131	90.15200029668588	0.9805420036931747
CMTSOLUTION_201007181335A	0.8825131355652845	0.050179276998777195	3361.8750299243584	0.9146989471094468
CMTSOLUTION_201109220322A	1.0199481272839042	0.07764628445413863	188.00759230696278	0.9546957588810611
CMTSOLUTION_200801040729A	1.023359663519599	0.17803467030857792	25.45353474838688	0.707936692874723
CMTSOLUTION_201307060505A	0.7250284147970095	0.02567258190466699	30.774023067009878	0.6403335608045699
CMTSOLUTION_201308131543A	1.1252764979099457	0.005274736667222824	329.5784131052395	0.8778530184223216
CMTSOLUTION_201103010053A	0.7108738231989743	0.05089791313923615	30.48596883728185	0.9707698651718578
CMTSOLUTION_201007042155A	0.8365777877995144	0.05147989958073863	35.689160826619776	0.9553797233869386
CMTSOLUTION_201110130316A	1.4825142273696017	0.050454899685829835	94.71466841880562	0.9493601707091596
CMTSOLUTION_201302012216A	1.3408148140737848	0.13423534379043917	62.87456527931043	0.8525252071705649
CMTSOLUTION_200809180141A	1.0577372461663075	0.041814305450542454	48.6247607627565	0.8947983216276661
CMTSOLUTION_201108241746A	0.8693060483830747	0.030417899496929718	1317.5897468274102	0.9909138312769495
CMTSOLUTION_201208020938A	0.866651779006811	0.062261968216727366	35.91208672991079	0.9745496063582789
CMTSOLUTION_201110180505A	0.9457640188543519	0.04043070088064025	130.55356088468537	0.9690079832168011
CMTSOLUTION_201110060003A	0.8826947675651686	0.06346203858702658	268.7724217152577	0.9845774496458866
CMTSOLUTION_200810231004A	1.0903245220846283	0.07373309681498237	157.0716781950323	0.9887586227118822
CMTSOLUTION_201107230434A	0.794625323162956	0.05394623459110776	238.1319216096409	0.9559970385371469
CMTSOLUTION_201109150800A	0.9905485063650269	0.15426030341121905	179.81226718302221	0.9307495613856753
CMTSOLUTION_200805291546A	0.8878937704506908	0.055022781022065544	1551.9786065154844	0.9961173182670204
CMTSOLUTION_201101171920A	1.3553980063191706	0.3138127333408035	24.521506482240042	0.8242204710223245
CMTSOLUTION_200812172157A	0.3901254765338241	0.13429302640901422	48.97273912629242	-0.7494142168620515
CMTSOLUTION_201112130752A	0.992926835461129	0.04404492832370057	64.64091629527056	0.9823799844911852
CMTSOLUTION_201202140134A	NOT FOUND	NOT FOUND	24.827843327384578	-0.3542579501237945
CMTSOLUTION_201103310715A	0.8008033656138722	0.05198422063152063	98.85331269276978	0.9638734220287288
CMTSOLUTION_201010251442A	0.8963996132655645	0.1223841766746425	1328.1097681433785	0.8274330419232765
CMTSOLUTION_201310011941A	NOT FOUND	NOT FOUND	77.08062306570943	0.304806698822184
CMTSOLUTION_201008040715A	1.1093574282162415	0.1367743355559152	171.52899363800657	0.9744123063930088
CMTSOLUTION_200809110020A	0.8912519728224141	0.11302348987554045	2637.948392217753	0.9628053736537855
CMTSOLUTION_201303190329A	0.812867292889186	0.05487195009398373	20.487539535063227	0.8629499214923888
CMTSOLUTION_200803291730A	1.180837114283712	0.017055044928913073	161.4329499995269	0.6126532895843048
CMTSOLUTION_201205220000A	0.9293317804163629	0.3096664526743968	32.32442332949119	0.6851989555807789
CMTSOLUTION_200802121250A	0.9693456800358624	0.02283497046773507	381.79261985407777	0.9861348898744664
CMTSOLUTION_201204170350A	0.7225805469395286	0.05730036626202126	447.14930677585414	0.9312239958852976
CMTSOLUTION_201007232315A	0.610664602766299	0.04130418624979422	20.298650098772768	0.7560769162914411
CMTSOLUTION_200805121111A	2.153091387226396	0.3942181974501529	4.507482145285415	-0.9021038935832488
CMTSOLUTION_201103111946A	0.9179058596774973	0.08297039540298651	22.23538631658078	0.9800191627481512
CMTSOLUTION_201306151611A	0.9107086011096837	0.09290638964291714	263.79755085869346	0.9058274865030493
CMTSOLUTION_201210170442A	1.069877023765627	0.013040696682169742	17.065110256722967	0.8063971719688278
CMTSOLUTION_200905031621A	0.8112296834370614	0.06312392580756893	143.3061003820977	0.9558678855377042
CMTSOLUTION_201208311247A	1.849304961700973	0.12197637045768901	659.294755200832	-0.9585454439063246
CMTSOLUTION_201103151331A	0.9498789060554866	0.05975947940257588	100.52493504753775	0.9684674914070794
CMTSOLUTION_200807231526A	0.8979148747180219	0.0623097465761003	606.4572236905126	0.9695208174918745
CMTSOLUTION_201103220944A	0.9052090723885701	0.10663661651051963	60.101323471495036	0.946527461988456
CMTSOLUTION_201108041351A	1.0528359839489878	0.04763559623101717	97.37461903201407	0.9904666345683963
CMTSOLUTION_201004112208A	NOT FOUND	NOT FOUND	105.79867614846339	0.4537348173460436
CMTSOLUTION_201204021736A	0.9495713181126217	0.06042939524623752	72.4963759007099	0.9931089065885982
CMTSOLUTION_201212150449A	NOT FOUND	NOT FOUND	34.13522165681025	-0.2823652342762459
CMTSOLUTION_201104112308A	1.0242789987870171	0.01954230498620814	228.13177482644522	0.9641575499079337
CMTSOLUTION_201012020312A	1.0999371666413924	0.07774559544095958	472.2027479671333	0.9748501214779299
CMTSOLUTION_201210280304A	0.9315334938745051	0.05532618617521298	23096.20566667166	0.9925919860391728
CMTSOLUTION_201008132119A	0.9334227379102192	0.02147209494736739	3013.838955222775	0.970172007180642
CMTSOLUTION_201212110618A	NOT FOUND	NOT FOUND	13.305983563549335	0.44661601942091356
CMTSOLUTION_200903122323A	1.0332767185105443	0.024991372585918756	311.59615035868717	0.9908485078183836
CMTSOLUTION_201111082205A	0.5586823180146189	0.029495085971031416	10.422108002764588	-0.8867438283901689
CMTSOLUTION_201103111859A	0.9296943718196663	0.08329917604697534	18.097563624634745	0.9793510889930394
CMTSOLUTION_201005311951A	0.9464264032678663	0.012522322778387256	657.2185630191805	0.9929684555753762
CMTSOLUTION_201203271100A	0.614540131084134	0.06964527566657033	26.176205112378707	0.630005608820943
CMTSOLUTION_201003080232A	1.1475105082730137	0.07022834589316983	322.7571165741995	0.9242391016222358
CMTSOLUTION_201302012218A	1.4248900241714184	0.1726579727929411	65.45979519058933	0.8562498320947539
CMTSOLUTION_200902170528A	1.2363777064896158	0.1032858254124086	5.594800206557942	0.8365816546243268
CMTSOLUTION_201305190907A	1.1054006987537484	0.04552537751103156	51.077495300720564	0.865728894558373
CMTSOLUTION_201008221023A	NOT FOUND	NOT FOUND	27.607361976643972	0.04840492780566466
CMTSOLUTION_201005031027A	0.9198017101292025	0.0759617286999646	101.85407641064847	0.9852508013321465
CMTSOLUTION_201103101708A	2.87533142199104	0.8087507115991768	100.32537977808985	-0.701257873667346
CMTSOLUTION_201209252345A	0.9499604348947981	0.0362522500971526	159.32976939203607	0.9855412576864239
CMTSOLUTION_201204210125A	1.0597533298085051	0.08531203218709617	361.19090784329495	0.92842013348885
CMTSOLUTION_201010080349A	0.9265081183093108	0.06751341287785746	843.004464888682	0.9941366302209134
CMTSOLUTION_200904210526A	0.8578170629521137	0.0694136613481374	112.51510588401877	0.9776862000672591
CMTSOLUTION_201110210802A	0.9368576027307453	0.06536476845116859	187.51633408637784	0.9572791150103422
CMTSOLUTION_201112110147A	0.9222367519326282	0.06772584912886914	276.41825409911337	0.9767284945027267
CMTSOLUTION_200907300737A	NOT FOUND	NOT FOUND	10.628058021519491	0.32797007245705584
CMTSOLUTION_201304162255A	1.1107356102281978	0.2479548214466932	42.35584591313197	0.9149173467405866
CMTSOLUTION_201102151333A	NOT FOUND	NOT FOUND	162.32049322714306	-0.0784355064489672
CMTSOLUTION_201103111902A	0.9033382422476744	0.07583203821732358	18.951666200556016	0.9671029614477102
CMTSOLUTION_201111300027A	0.9209538461493056	0.07580764064762713	120.6039667597783	0.9375187722395257
CMTSOLUTION_201006160358A	0.9987924487212168	0.11167490701286582	553.0086586399412	0.9674968421458544
CMTSOLUTION_201001051311A	0.7221898097388075	0.04896970769283577	70.1141779395852	0.6564149595458744
CMTSOLUTION_200901081921A	1.0269689681991612	0.07157240262998761	136.43096539974297	0.9479709179628667
CMTSOLUTION_200812190831A	0.9604966422068896	0.05603904915430413	432.71570860515135	0.9951647057501947
CMTSOLUTION_201305180548A	0.7966784029308314	0.057585445697228746	85.38734838171912	0.9615341358809996
CMTSOLUTION_201107241851A	0.7780744744691901	0.04853913311615502	307.6789061351151	0.9731470277444322
CMTSOLUTION_201301302303A	1.2456739552572083	0.028982574964244865	6.69539675046286	0.929398066364779
CMTSOLUTION_201212141036A	0.7463844402955324	0.0014233963253940769	40.806787125783416	0.6308240190142508
CMTSOLUTION_200901032233A	1.2187147946042771	0.09066644670152176	31.3410831407139	0.9240371760821029
CMTSOLUTION_201304220116A	0.9655853829598452	0.06444147200719498	130.68762197132116	0.9886221157684967
CMTSOLUTION_201202260617A	0.7775522831268203	0.0875111018888032	1107.2920730731348	0.9710136000337577
CMTSOLUTION_201401250514A	0.9794715794226444	0.07388394363240558	41.241707893717916	0.7913333342080653
CMTSOLUTION_201207282004A	0.8818278029310288	0.08013442405335737	152.76357517833003	0.9192579461891683
CMTSOLUTION_201306131647A	0.9807766351277949	0.06789083503321504	137.66914457256996	0.813188080578471
CMTSOLUTION_200803142232A	1.0181499175470068	0.021381220848665176	50.19839630788993	0.9482295092770678
CMTSOLUTION_201012130114A	1.0174950765222646	0.06748334698989435	68.39733683631503	0.6768262999670784
CMTSOLUTION_200807282140A	1.343831569362334	0.02025923138704669	127.52595425798285	0.9279472951671551
CMTSOLUTION_201207081133A	0.9191705102035366	0.12972606208797768	59.385757648910555	0.8552447851918947
CMTSOLUTION_201001181556A	NOT FOUND	NOT FOUND	115.64758168427872	-0.34274777747314944
CMTSOLUTION_200907120612A	NOT FOUND	NOT FOUND	17.59618681970595	0.559370975658351
CMTSOLUTION_201111140405A	1.3360504636697053	0.004107538736661454	229.9731625224826	0.9432135781092712
CMTSOLUTION_201201270133A	1.0869096996069252	0.03597202593410167	80.89638610781122	0.9791294239588051
CMTSOLUTION_201104011329A	0.8523610237489099	0.045581509094861326	69.53960298646837	0.92245672845236
CMTSOLUTION_201211130431A	1.093265128442407	0.0915136295868031	95.88326766706892	0.9467119127970207
CMTSOLUTION_200802211416A	0.8581262740837762	0.04781125613156818	57.694276956321616	0.9865701921263519
CMTSOLUTION_200802251806A	1.1034163258757825	0.05015042496172546	128.7229995629333	0.6696150378003485
CMTSOLUTION_201004302311A	0.8810128510842542	0.056431954079068855	1869.3763054009864	0.9927062169560545
CMTSOLUTION_201104032006A	1.2345653524217262	0.10189947975098355	299.53801906525143	0.8066204178428836
CMTSOLUTION_200901222016A	1.0777028657587757	0.024055457873089776	69.3680649482122	0.9408132664195936
CMTSOLUTION_201001090551A	NOT FOUND	NOT FOUND	17.98623688323948	-0.03348595856286323
CMTSOLUTION_201210281854A	0.9244647270220917	0.05460541020166909	573.8279719608147	0.9905461000925055
CMTSOLUTION_201208020956A	NOT FOUND	NOT FOUND	42.95429876366072	-0.4078116122903308
CMTSOLUTION_201208111234A	0.9891386192928449	0.09313413818766803	779.5691747677085	0.975643616926012
CMTSOLUTION_201310300251A	1.209706367447802	0.007643843837566828	45.63446796605832	0.9759639919987105
CMTSOLUTION_201305210155A	0.9348526268995562	0.06485853494936791	65.59904870632485	0.9803976127187225
CMTSOLUTION_201305110208A	0.708859524639678	0.1902522635032142	180.9434726394976	0.6134483174583399
CMTSOLUTION_201401261355A	1.0235991904962127	0.07664679526696692	210.0123334962033	0.860373074863406
CMTSOLUTION_201107250050A	0.9852142757383309	0.045238523258610844	725.4612247560519	0.9838461677989817
CMTSOLUTION_200805250821A	NOT FOUND	NOT FOUND	159.87912621726886	0.25900478593250215
CMTSOLUTION_201002012228A	1.578964934985118	0.010239282125227164	48.62917650270982	-0.7898757401239745
CMTSOLUTION_200901062248A	NOT FOUND	NOT FOUND	9.645970205408634	0.09835777305504524
CMTSOLUTION_201209120327A	0.8224146331323007	0.13274932815693793	19.559381265456622	0.909672507750672
CMTSOLUTION_201206292107A	0.8914254645051567	0.07517330323331728	213.9981729155379	-0.8172669495763903
CMTSOLUTION_201101122132A	1.244680370550748	0.046467410513105725	54.562021354325516	-0.7188796919899232
CMTSOLUTION_201211110112A	0.8328435592954362	0.05799033044520999	1412.8539256899035	0.9604078802764822
CMTSOLUTION_201111221848A	1.4899824190679125	0.12269236238369376	179.30945394946602	-0.8202933949360286
CMTSOLUTION_200904281954A	1.4815074132962684	0.010844411242946139	18.945006434342105	0.7277472359636175
CMTSOLUTION_201001020845A	0.9173054328528689	0.015241255479192325	109.59655233782269	0.9748922848698092
CMTSOLUTION_200809101100A	0.9610967936784958	0.049310898537594294	2556.883169423624	-0.9818275591666205
CMTSOLUTION_200904152001A	0.972656398622244	0.02378496071431722	30.677374367889072	0.6019837830876951
CMTSOLUTION_201204061615A	0.7817006505654439	0.04591552423963068	55.445400290137954	-0.8788411249307011
CMTSOLUTION_201104071432A	0.9674188352294371	0.043022233549151946	49.655956181591066	0.9754522792817106
CMTSOLUTION_201012211719A	NOT FOUND	NOT FOUND	2164.723193844389	0.571763119183021
CMTSOLUTION_201007232208A	0.6058012690050911	0.03681728766412701	1987.588032973396	0.8003998569509261
CMTSOLUTION_201001051215A	0.7054774880649747	0.07204516917759203	294.9563620762466	0.6050259013876655
CMTSOLUTION_201110270804A	0.5636009542322423	0.04551800461053246	5.917231262562622	-0.7203089989485042
CMTSOLUTION_200902151004A	1.0386869262219052	0.09027087439457764	57.76210597479804	0.9829127698461633
CMTSOLUTION_201111011232A	NOT FOUND	NOT FOUND	74.30356691581582	0.5549209417865383
CMTSOLUTION_200803222124A	0.7871761865327649	0.07246203769308214	110.71541725405282	0.9106395497622236
CMTSOLUTION_201311220651A	0.6695509734493564	0.10640765988294644	8.098972278285022	0.9072347049345546
CMTSOLUTION_201007161853A	NOT FOUND	NOT FOUND	10.18010820292808	0.5751089294417852
CMTSOLUTION_201103140612A	0.7589915963335895	0.1074387886413075	58.28253983737591	0.9458146832347087
CMTSOLUTION_200801051144A	0.9484597998925387	0.053831638121821984	70.26689539881596	0.9922872699674515
CMTSOLUTION_200803031349A	NOT FOUND	NOT FOUND	228.69544835849223	0.40457418594616246
CMTSOLUTION_201304061126A	NOT FOUND	NOT FOUND	9.807431983998317	-0.2886575093669961
CMTSOLUTION_201102101441A	1.852821797702065	0.15076783213315295	309.8486430181339	-0.9234920700199798
CMTSOLUTION_200807190927A	1.1903454724712073	0.08915021683915383	354.7412060956294	0.8680307468624916
CMTSOLUTION_200812130827A	NOT FOUND	NOT FOUND	16.697465447793384	0.20856510376323775
CMTSOLUTION_200911280604A	0.9616646936027105	0.12368766860220337	100.71546452018805	0.9152931559092653
CMTSOLUTION_201010080326A	0.9272915055788222	0.06661769762806535	821.617858038177	0.9894785856452921
CMTSOLUTION_201309161501A	1.0259182308567827	0.15420324233148522	26.11370699387834	0.9068112163642578
CMTSOLUTION_201106210204A	1.46413062223439	0.31866684098471726	41.69941556321185	0.7696894164287622
CMTSOLUTION_201210252305A	NOT FOUND	NOT FOUND	36.48773409947984	0.5973668757678625
CMTSOLUTION_201302160437A	0.9888769333592463	0.05049478604554264	80.90986851878502	0.9711268611005982
CMTSOLUTION_201302060635A	NOT FOUND	NOT FOUND	4.4425682322822375	-0.5867488578765827
CMTSOLUTION_201209081051A	1.1072092395770323	0.05002234176572835	72.18748431023	0.9047803896342103
CMTSOLUTION_200809110000A	NOT FOUND	NOT FOUND	2933.7759978450194	0.5308278153526647
CMTSOLUTION_200802210246A	0.9234912278084921	0.06433653468768079	867.8639654345216	0.989136641718893
CMTSOLUTION_200802080938A	1.0458684002785494	0.08754455957139161	3371.2086322702953	0.9836718064329935
CMTSOLUTION_201006300722A	0.9563045001116046	0.04795179067575161	58.09345495024513	0.988587439058721
CMTSOLUTION_201212070818B	0.8877153490379732	0.1466542772097797	2992.0012711650497	0.880144511709771
CMTSOLUTION_201103170413A	0.8985950658297337	0.04949986612506862	22.978994295468272	0.9734938186832506
CMTSOLUTION_201103091816A	NOT FOUND	NOT FOUND	10.601532071266767	-0.13854601295503682
CMTSOLUTION_201205180200A	0.8354988488581824	0.03727716876860501	400.5442051891697	0.9067687978950668
CMTSOLUTION_201301050858A	0.9315247409126464	0.04689831153193062	53176.61641906452	0.9893780832442315
CMTSOLUTION_201104131957A	0.8244084369115708	0.06072582952467294	107.74146063165087	0.9421270594233773
CMTSOLUTION_200908160738A	DiffNPTS	DiffNPTS	DiffDelta	DiffNPTS
CMTSOLUTION_201201211847A	0.9579982135388073	0.010288297373161314	86.0113961732181	0.989044616468346
CMTSOLUTION_200904181917A	0.8994280788336647	0.03154556555281796	371.04471018481564	0.9843210453111768
CMTSOLUTION_201209301631A	1.0998897020505904	0.08826115042107219	5379.950272001745	0.9914018119590472
CMTSOLUTION_200901221340A	0.8852470109846817	0.025611889739719833	63.76089767683048	0.8783476213214775
CMTSOLUTION_201103110546A	0.7765391609572263	0.11716998574782204	303105.7179649261	0.9113328186127593
CMTSOLUTION_201302060154A	NOT FOUND	NOT FOUND	186.6052675161862	-0.2038170896658505
CMTSOLUTION_201211150920A	NOT FOUND	NOT FOUND	146.5855070764583	-0.494045463698365
CMTSOLUTION_201309210139A	3.6794113671335547	0.05310068152058904	33.947276885677994	-0.6365536811536432
CMTSOLUTION_201008031208A	3.680352925651559	0.3080804971435818	153.76619287026978	-0.8990841179916802
CMTSOLUTION_200912240023A	1.4931870701033922	0.14071001845008985	59.728737026965796	-0.8442072041780982
CMTSOLUTION_201205031009A	NOT FOUND	NOT FOUND	13.172555842108297	0.48791351559717644
CMTSOLUTION_201209051442A	0.9361923692266371	0.07979510846469885	3023.1106255656673	0.9838455880770381
CMTSOLUTION_201106201635A	1.0725374516065378	0.06678921968129996	705.7584158280322	0.9940762778174357
CMTSOLUTION_201002060444A	0.8839497222468986	0.08329049749166208	68.98303545422749	0.9412666378147844
CMTSOLUTION_201104230416A	0.5908543618430054	0.0389155360304878	2258.6652171423148	0.9775554111465321
CMTSOLUTION_201107202204A	0.8796492259514939	0.06368539002568598	38.19546400234259	0.8590780558951528
CMTSOLUTION_201003140808A	0.752520527419135	0.06621585916638789	438.82376375323656	0.9621746854617568
CMTSOLUTION_201108190536A	1.6053167001208564	0.003016322023114877	18.640794011886186	-0.927423362192966
CMTSOLUTION_201211101457A	0.8282394953427676	0.10041680240719225	22.01028966046537	0.9358894249752208
CMTSOLUTION_201012231400A	1.0446443153944427	0.0545426926789068	283.7086687766206	0.9442238747632938
CMTSOLUTION_201208270437A	0.9308710532563721	0.06589298588964228	2551.939364641621	0.9898650877051886
CMTSOLUTION_201205031520A	1.5811539278961253	0.08867207418839579	18.364858761488918	0.9396484584891722
CMTSOLUTION_201004110940A	2.057750137238255	0.03620479174493424	188.75079095430578	0.9422554633797698
CMTSOLUTION_201008201756A	NOT FOUND	NOT FOUND	22.305795795974134	0.1249042022597222
CMTSOLUTION_201309251642A	1.5200693996258288	0.10127913423087784	184.37396556343782	-0.9414398927338584
CMTSOLUTION_201211021817A	1.1695348793311307	0.09598010506394745	31.035892475830305	0.9337041359809587
CMTSOLUTION_201103151327A	0.9458668661086446	0.05491135811092583	79.72691914392955	0.985774511943887
CMTSOLUTION_200904161457A	1.0935174499136715	0.02217578984371067	113.0899661190688	0.9771985242893835
CMTSOLUTION_201007101143A	0.9755280515820047	0.03910486855139244	335.38748088447267	0.9948157037489659
CMTSOLUTION_201201151340A	0.8981059677801411	0.053384722416777476	142.97878893126736	0.7084638425877721
CMTSOLUTION_200809031125A	0.9704466022926544	0.02696546043615512	44.388109266558374	-0.9087960625353311
CMTSOLUTION_201012222149A	0.7943968012023646	0.11844873189235956	40.36370449068895	0.6190389030562908
CMTSOLUTION_200802252102A	1.1730145322936947	0.044851304015841184	80.90291705680525	0.6041389403316272
CMTSOLUTION_201309011152A	0.9647485619959251	0.0509430180874772	383.7505073747097	0.952112551126834
CMTSOLUTION_201101190917A	NOT FOUND	NOT FOUND	6.311570306157718	-0.2866774464109071
CMTSOLUTION_201309241129A	0.9390634425292095	0.03846315903676895	45128.525678965045	0.6678906156007345
CMTSOLUTION_201103272223A	0.7926056694173069	0.09036186473059755	177.00534340852568	0.9384035078984703
CMTSOLUTION_201303011253A	0.8110368351013871	0.058936214487135305	395.682720894036	0.9783613707929938
CMTSOLUTION_201006260530A	1.2720168285943878	0.08635810578179537	711.6866345190796	0.9830016880271601
CMTSOLUTION_201111170157A	0.8564426946385701	0.05511068937207703	102.8646393777133	0.6675241260602904
CMTSOLUTION_201107251757A	NOT FOUND	NOT FOUND	55.258559058685904	-0.43895680254563657
CMTSOLUTION_201402030308A	1.7389015857806809	0.043534035911480334	148.34224468143162	0.8583145100908246
CMTSOLUTION_201004172315A	1.0686634632378007	0.0670003691989683	180.93557672894246	0.9810858932386995
CMTSOLUTION_200912260857A	1.0501663894158189	0.053721539674259536	58.93575671943324	0.95787657724636
CMTSOLUTION_201109051755A	1.1551069128950202	0.23501648583821408	333.1831486007139	0.8852100423825858
CMTSOLUTION_200802141208A	0.604978825604559	0.03837650216242808	18.720933239987755	0.7745016024422009
CMTSOLUTION_200801091440A	0.9785671593853469	0.047440677707761114	80.46879386864966	0.9949884889035985
CMTSOLUTION_200804281557A	1.02771531868617	0.11353744502612562	23.342011097382848	0.9317193714792585
CMTSOLUTION_200906140558A	0.8602521518685542	0.11621005538801764	150.38844625509043	0.8876091565558415
CMTSOLUTION_201103241355A	NOT FOUND	NOT FOUND	3302.694557029592	-0.5308381384929817
CMTSOLUTION_201211122042A	NOT FOUND	NOT FOUND	111.61433554204842	0.4668047001548201
CMTSOLUTION_201112110954A	1.025078104029345	0.05658771866830339	309.524450683376	0.9922977119355464
CMTSOLUTION_201309032019A	0.9613525096436476	0.048551961183808515	356.01713148575834	0.9960731437945831
CMTSOLUTION_201309111244A	0.7463377697957229	0.047258767094648144	35.6528191332832	0.9297824207891365
CMTSOLUTION_200910041058A	1.1074421874355853	0.02799600716196155	106.5674446633911	-0.7175828557959807
CMTSOLUTION_200810051552A	0.9203765570366439	0.027453039670190634	1931.0612062920518	0.9737515902462289
CMTSOLUTION_201304011853A	0.8363316464650329	0.04514598143976746	61.944147498665615	0.9610284488844244
CMTSOLUTION_200909072241A	NOT FOUND	NOT FOUND	105.50853383028368	0.31875130842076227
CMTSOLUTION_201205200719A	0.8257990977121501	0.1124755265030191	129.089056576821	0.9425993304952464
CMTSOLUTION_201308171632A	1.0124033497796487	0.08107950982808926	182.6202487433952	0.9772488185251068
CMTSOLUTION_201010041328A	1.0060918932050604	0.04817352576865144	32.20735244063578	0.8900028126345101
CMTSOLUTION_201101240245A	0.9290670601573503	0.07797526311924635	85.08318439470827	0.9884952456356815
CMTSOLUTION_200807150326A	0.9173331579593835	0.11723343657805618	769.2504294615325	0.8854776883245267
CMTSOLUTION_201103061432A	1.0199007626331589	0.06939657502264444	23.720301808035174	0.9912709705465449
CMTSOLUTION_201310062133A	1.0023333100236425	0.025129870215465745	27.92886610859707	-0.7482008146374335
CMTSOLUTION_201012080524A	1.041234401340107	0.06858243118218939	98.7564622533555	0.9851254445843575
CMTSOLUTION_201112012135A	0.8373538790397441	0.07304582808667363	12.057958972897499	0.9238014182590027
CMTSOLUTION_200802161445A	1.0966344591918367	0.06303010682598298	154.99430134795517	0.9849119508565509
CMTSOLUTION_201103110615A	0.786290503503631	0.11914767435506293	7026.174516216903	0.844962322900252
CMTSOLUTION_200808050949A	0.9467736931536744	0.11200374871056212	107.85238648900855	0.9605155242880472
CMTSOLUTION_201211080201A	0.8647469896156172	0.061775129028526644	52.7778303034697	0.9334442409659488
CMTSOLUTION_201205012243A	0.9252285732680502	0.0770433407400638	85.87789350446786	0.9720235492218489
CMTSOLUTION_201103092124B	NOT FOUND	NOT FOUND	222.7053094462097	-0.08151419120839158
CMTSOLUTION_200908200635A	0.980111657136902	0.05429272615478685	446.81811917469116	0.9918740413309872
CMTSOLUTION_200812201029A	0.9894709104826487	0.07474923214936417	217.42262323500177	0.9470283690344634
CMTSOLUTION_201310241925A	0.96472124178208	0.04482222392241853	60.474248356970264	0.9749512675621755
CMTSOLUTION_201103291054A	1.016262424308048	0.015424977178895547	182.83486286329065	0.9767796126111118
CMTSOLUTION_200801221714A	1.1387298214733983	0.1158843647408897	58.579957406114296	0.6847365928380429
CMTSOLUTION_201107301853A	NOT FOUND	NOT FOUND	1101.2775131188566	-0.2527497508880031
CMTSOLUTION_200806271140A	1.0996889516981516	0.03989018238102761	571.9776624608531	0.9821812600812656
CMTSOLUTION_201304091152A	0.9076178508173451	0.09360323595458583	74.88065587213869	0.8561763512859191
CMTSOLUTION_201003301654A	0.930799383723875	0.026421563076628102	381.57161044350585	0.9889294843090357
CMTSOLUTION_200912191302A	1.0842759812178329	0.08227034232874497	208.95065108684977	0.8987846707902633
CMTSOLUTION_200904251718A	1.2018704789519838	0.06046560948991848	24.652435978404792	0.9770786067596996
CMTSOLUTION_201305200949A	0.975990862693545	0.05687534680359971	247.76611182196763	0.8998391911012736
CMTSOLUTION_200802091833A	3.285389784172138	0.16540782136286541	112.50965957269153	-0.8965512987321139
CMTSOLUTION_201006160316A	0.9975432261454974	0.10749821536871283	1358.1036848541646	0.9645765068599003
CMTSOLUTION_201201231604A	0.9336051234590231	0.04577124153803757	50.00460639831868	0.9673647879887125
CMTSOLUTION_201109161926A	0.8632489964011979	0.021528426812566167	881.8166936665066	0.9650034952252314
CMTSOLUTION_200902111825A	1.0169575664598545	0.12109119716708786	54.990351345615636	0.8738625905233169
CMTSOLUTION_201105111647A	2.2758728258157204	0.40867714887566325	61.65001206333824	0.8451864062636281
CMTSOLUTION_201011300324A	1.8759510490213391	0.06099437445176348	110.85566470324245	-0.8138966146237097
CMTSOLUTION_200801202026A	1.0272378416284187	0.08722468321214306	51.63668441556955	0.8527024195394546
CMTSOLUTION_201201260424A	NOT FOUND	NOT FOUND	157.7028414658716	-0.05572227636879687
CMTSOLUTION_201103110625A	0.7784252285156508	0.1116585815437635	142.59926562578408	0.928420895943333
CMTSOLUTION_201308120053A	0.7939677677533504	0.07765929027425357	107.1636252091869	0.9750733173328779
CMTSOLUTION_201303252302A	0.9509479515742912	0.08448784004119621	77.3687413778161	0.9165762357485833
CMTSOLUTION_200802241446A	1.0326472327566258	0.0616070988040719	64.77843047412793	0.7497606830094499
CMTSOLUTION_200801011855A	0.9233885447564845	0.014270984782752025	190.18654468105458	0.9172160998721101
CMTSOLUTION_200904170208A	1.961133990855846	0.04579289820434039	56.59718293895366	-0.9186732259680976
CMTSOLUTION_201004140125A	NOT FOUND	NOT FOUND	6.311158959702773	0.49543462770372754
CMTSOLUTION_201207251120A	1.1845944022672064	0.06541306755707585	226.60843596601327	0.9448650246424192
CMTSOLUTION_201008041258A	0.8560146217237714	0.06362394340486677	326.4205257948978	0.9871638158310995
CMTSOLUTION_200811190611A	0.9341314844715822	0.06068879400404152	163.24688680968342	0.9874586666612185
CMTSOLUTION_200808220747A	1.0129693101366948	0.1254322121626469	121.65845303055538	0.8590644783083059
CMTSOLUTION_201103092124A	NOT FOUND	NOT FOUND	230.03687838244642	-0.08874627874706552
CMTSOLUTION_201010080543A	0.9740073158341878	0.07670158909632557	23.72825634840467	0.9820640828273947
CMTSOLUTION_201309170409A	1.0910803016460404	0.10747854128873344	10.4226524450178	0.9003169028012618
CMTSOLUTION_201005051629A	0.8083689414960458	0.05780923833183696	72.60227839924498	0.7387248025431258
CMTSOLUTION_201203141205A	1.3121497523772907	0.06885631081813018	5.880081855294932	0.6566038744906119
CMTSOLUTION_201007240535A	0.5905695411497092	0.06135002721613431	7.198195575124059	0.645690973925032
CMTSOLUTION_201307170237A	0.9937281712075315	0.05150730372937613	54.168703035745345	0.9949499309039925
CMTSOLUTION_201203201802A	0.9241846667963299	0.04569426168652319	3294.756079195689	0.9866274522819516
CMTSOLUTION_201204120715A	2.4170923353050426	0.0591296968093012	1412.6682972018984	0.7063073678476505
CMTSOLUTION_201212231331A	1.1523649401324234	0.056353358906586645	58.96810310036017	0.843903450127008
CMTSOLUTION_200909062149A	0.8418504070370217	0.11595803774307227	203.7002006456848	0.8344953479622491
CMTSOLUTION_201208151749A	NOT FOUND	NOT FOUND	22.38525389646967	0.1497752851693055
CMTSOLUTION_201302021417A	0.8962520771865145	0.060436083101257934	1522.4816829305807	0.990450468208163
CMTSOLUTION_200802200808A	1.310236791579661	0.023152528812701346	3305.027930981625	0.6722647805652642
CMTSOLUTION_201110052352A	0.8889243692489154	0.06279727471574313	230.377087021526	0.9870485021445031
CMTSOLUTION_201104110816A	0.9638461069135625	0.051046759259496276	1434.0361776326113	0.9817506475368668
CMTSOLUTION_201103121315A	0.7892041003162433	0.05263934981103078	175.64882526270796	0.9878639844150748
CMTSOLUTION_200811210705A	1.0116805523067647	0.06548140632179104	46.63294858059693	0.8686244047906926
CMTSOLUTION_201311250627B	1.0251258150282052	0.07215924361066503	530.1953344482145	0.9624396681330654
CMTSOLUTION_201311170904A	1.0471795612927501	0.06449006979329021	2382.044752420506	0.9734292069459095
CMTSOLUTION_201403022011A	0.9653565457015315	0.05589246286458418	909.3835573108597	0.9909483316951929
CMTSOLUTION_201304300625A	0.9994668958343228	0.1097948247056123	150.33896942294956	0.9224505046383557
CMTSOLUTION_201310060137A	0.9758816741864024	0.016832474271974377	46.83963136409227	0.9697986824913212
CMTSOLUTION_200901151749A	1.0676747161178461	0.09584432083950392	2237.718613025959	0.9796797111265834
CMTSOLUTION_201102251307A	0.8655999622835907	0.04755789787902265	74.1238496684949	0.9956169997131278
CMTSOLUTION_201305210543A	0.8717017636075566	0.08293512095562103	41.490021182596294	0.94899267443615
CMTSOLUTION_200808251322A	1.111987933462254	0.10767933807349798	1051.1772169378619	0.933407504858453
CMTSOLUTION_200902121315A	0.9101425297502405	0.05930279428086158	95.52643168869766	0.889386520340775
CMTSOLUTION_201110140335A	0.803036519437844	0.09005807422387117	459.04353252868935	0.9039030909836612
CMTSOLUTION_201108222012A	1.6990406914198146	0.11185485832259566	33.42066190562694	-0.9668716086331755
CMTSOLUTION_201109162108A	1.0703922934057613	0.029831500086698614	6.1532599942245145	0.8935079985220442
CMTSOLUTION_200810111040A	4.1526616407950545	0.11081651106946032	78.81493393195395	-0.6642644604100196
CMTSOLUTION_201104300819A	1.0072228951600117	0.05974581073620643	119.39886853645001	0.9943470706091389
CMTSOLUTION_201207091355A	NOT FOUND	NOT FOUND	16.04664000320883	-0.24845990719052105
CMTSOLUTION_200904190523A	1.0127203318845412	0.15158325939269723	46.71415926326175	0.8976732195644015
CMTSOLUTION_201008140730A	0.927262112228706	0.04440433338465402	331.6610889017003	0.9689888659367131
CMTSOLUTION_201104231012A	0.8508858893113089	0.07004351429240813	15.359045108687233	0.9470088153274432
CMTSOLUTION_200809250147A	NOT FOUND	NOT FOUND	44.87352031523892	0.4072140916037559
CMTSOLUTION_200806292053A	0.927030470849458	0.05203103879276533	13.75324321392318	0.9636460109942984
CMTSOLUTION_201101270838A	1.0934455721223042	0.23016784504424473	519.0716689740054	0.937403913877635
CMTSOLUTION_200801300732A	0.6943226145001508	0.058024782976001846	102.72181780427314	0.911961538407335
CMTSOLUTION_200906200828A	NOT FOUND	NOT FOUND	8.618810426619381	0.564403417092171
CMTSOLUTION_201203261035A	NOT FOUND	NOT FOUND	7.87333824105283	0.21933422751573411
CMTSOLUTION_201110251455A	0.9031110636495806	0.16350766899083258	53.70616771251386	0.9198484425535546
CMTSOLUTION_200911281810A	0.7861865444332117	0.10230209208908786	25.743815154769614	0.8640406758648649
CMTSOLUTION_201204112241A	0.7256223960079348	0.037573308120742346	132.68619363479453	0.9215975793033659
CMTSOLUTION_201309070013A	0.9040099154973938	0.06476973359675264	834.8322864823131	0.9413361796677985
CMTSOLUTION_201310010338A	2.8652664304330777	0.07520252550675964	148.98154860146218	-0.896458321979752
CMTSOLUTION_201003040159A	1.1559776422629828	0.08926746532009991	14.38811927677272	0.9560516017633525
CMTSOLUTION_200806010157A	1.1337366828118172	0.02823978262359948	191.92936619282423	0.977333734016291
CMTSOLUTION_201307081530A	0.787736720270361	0.1845871093974994	8.54942704221966	0.8798914639613072
CMTSOLUTION_201210080626A	NOT FOUND	NOT FOUND	30.18250278567782	0.45753358612160056
CMTSOLUTION_200909122006A	1.0210277826545129	0.06426014597445874	544.2699104288926	0.9898400933504464
CMTSOLUTION_201009090728A	0.871147603314862	0.14411047597849988	35.42180699167959	0.9227871581610153
CMTSOLUTION_201201300511A	1.7619312619874052	0.09717075943467551	314.1695990250805	-0.9263748254598881
CMTSOLUTION_201311132345A	0.882612014838994	0.038137618607670745	18.002135729055816	0.9596506306184772
CMTSOLUTION_201007290731A	NOT FOUND	NOT FOUND	115.57978402598621	-0.501869388608518
CMTSOLUTION_201312010124A	1.0131740674022591	0.03948828497045083	174.4664836214318	0.9300484960430428
CMTSOLUTION_201211070626A	0.9964730307194347	0.11708418285159064	130.81774720647192	0.9544784061847906
CMTSOLUTION_201103070009A	1.4212335617412886	0.10099087315067923	119.93149099053656	0.9279953624952934
CMTSOLUTION_201002050659A	NOT FOUND	NOT FOUND	119.32912195311374	0.47934444943982857
CMTSOLUTION_201302060112A	NOT FOUND	NOT FOUND	778.5572445602372	-0.22131189329383527
CMTSOLUTION_201202140819A	0.6387489836848866	0.072004308474156	148.0102967491298	0.905176192433043
CMTSOLUTION_201111241025A	0.9377437236699098	0.013963596879287093	30.2994895095865	0.9878130699803594
CMTSOLUTION_200802041701A	1.8848734594026206	0.013195568865366122	134.26748022697086	-0.9137435185690456
CMTSOLUTION_201102112005A	0.9128833334318261	0.05096453241033217	517.1547715787991	0.9439064772525817
CMTSOLUTION_201311241805A	1.5236685619976849	0.20327285740743256	16.82593669273469	0.7462992800074271
CMTSOLUTION_201212230638A	Error	Error	Error	Error
CMTSOLUTION_201007210916A	0.9369286327101409	0.06565924212824374	118.52691777922117	0.9847049178698839
CMTSOLUTION_200909210853A	0.9209810152249129	0.1322592102540513	95.34775307272099	0.9244702624490054
CMTSOLUTION_201206072054A	1.2693768627116093	0.19535968925775885	12.768136340779321	0.6501322981217679
CMTSOLUTION_200902221745A	0.9276079950286397	0.1336759319390522	38.99523357524967	0.6923815604356642
CMTSOLUTION_201203142113A	0.8934029892124654	0.07593213829661061	147.72059663064326	0.9323002316572515
CMTSOLUTION_201304232314A	0.8459367412452871	0.055578388882344794	499.7488467672388	0.9817552012986428
CMTSOLUTION_201206051931A	0.8941911006314538	0.027552712157074645	296.67840920101	0.9587122596142873
CMTSOLUTION_201205242247A	0.9717526348377669	0.053683745865479	874.739925605457	0.9977190188707761
CMTSOLUTION_201309040018A	1.2246285627242413	0.03852498194401012	395.57221092978904	-0.8199435366009195
CMTSOLUTION_200807190239A	0.7467062542457223	0.07657690105955975	2389.2332930530442	0.9700322186416034
CMTSOLUTION_201106160003A	1.0340283707955487	0.018165347817008095	1844.1062772989721	0.9935208878609836
CMTSOLUTION_200806081225A	0.9887897626381037	0.048671883379069	492.41025449054735	0.9151411078445544
CMTSOLUTION_201111080259A	0.956282570019786	0.06813678684259333	1846.9692275689938	0.9615499221230845
CMTSOLUTION_200810291132A	NOT FOUND	NOT FOUND	311.2543184451489	0.3586825808361889
CMTSOLUTION_201101182023A	0.8778109822773008	0.0622157091657509	33169.53566193043	0.9908862437678926
CMTSOLUTION_201308310638A	0.9081111534804714	0.06237320992330745	242.94450175263256	0.9933559056948245
CMTSOLUTION_201009171921A	0.9797851503680176	0.05209540634463785	23.60474529055552	0.97814451210299
CMTSOLUTION_200908091055A	0.5883053887949667	0.031787906409296296	652.893192197836	0.8347186267224852
CMTSOLUTION_201106131431A	1.0353039560448847	0.1162757614344959	284.396633789502	0.8218002751700656
CMTSOLUTION_201011230901A	0.7279468250557485	0.042999558408494114	105.98797436629116	0.9759368713604903
CMTSOLUTION_201203050746A	1.096557398049381	0.009182051323270973	16.949119151342703	-0.7900041095296316
CMTSOLUTION_201004062215A	1.3104746763223365	0.07197434487424978	7232.163168025338	0.770308836480752
CMTSOLUTION_201111281226A	1.7324527339449285	0.07551380781399233	54.18262092821047	-0.807897472825537
CMTSOLUTION_201303011320A	0.8121084734061793	0.05674708444664444	500.2023412295544	0.979931707073665
CMTSOLUTION_201105080650A	1.1763993859782986	0.020780862150264902	49.55854565614425	0.9891735221157424
CMTSOLUTION_200804160554A	0.9053147407248556	0.0558780205199018	1218.330802803885	0.9885409472531452
CMTSOLUTION_201003042239A	1.0611684409339734	0.0923844558508739	168.37268239615878	0.9788400461409394
CMTSOLUTION_200912171455A	NOT FOUND	NOT FOUND	91.9440984495541	0.10899860716067333
CMTSOLUTION_201111180600A	0.9899406592776153	0.08009746140923862	66.09255193994666	0.9752911643609359
CMTSOLUTION_200811221600A	0.45573409677894805	0.0424377760077915	294.5747729637193	0.9423393346556123
CMTSOLUTION_200810060830A	0.9173863285530305	0.08893732849829523	463.78754867800734	0.9738459969087345
CMTSOLUTION_201101261542A	1.3398807331204061	0.021846910967508182	51.35188809828658	0.6448691375721506
CMTSOLUTION_201002112156A	NOT FOUND	NOT FOUND	105.1688951105451	-0.2885218605119179
CMTSOLUTION_201004071433A	NOT FOUND	NOT FOUND	25.734233303964984	-0.16466373166135317
CMTSOLUTION_200910010152A	1.1995130901530364	0.15162626216685637	569.6990028498336	0.9083776629352546
CMTSOLUTION_201008181628A	0.8968727528772961	0.03932987047163836	280.04354305805623	0.9784582157351505
CMTSOLUTION_201212151930A	0.9789015220087587	0.034462718882974704	30.588025088091413	0.9730772365663365
CMTSOLUTION_200806150837A	1.1752145757192751	0.09097008591437196	59.74043560465372	0.7805688455000006
CMTSOLUTION_201204161123A	NOT FOUND	NOT FOUND	30.567757915127533	-0.26075822998021503
CMTSOLUTION_201311221830A	1.568734833712962	0.1784824588974004	26.252196603790445	0.918425312089551
CMTSOLUTION_200908020854A	1.1854920792922372	0.12199138343133026	27.4434823766968	0.8807422638279804
CMTSOLUTION_201101010956A	0.8348417329413634	0.01932384658324223	769.7437295377711	-0.9041555325498203
CMTSOLUTION_201004051005A	4.135476045612412	0.3062930200442163	66.30104353812732	-0.7879712379302722
CMTSOLUTION_201009031116A	0.8781833005923636	0.07136699369091541	396.01633000453967	0.9766904152613356
CMTSOLUTION_200808300654A	1.1733250888276756	0.04980776737752252	544.7040026506129	0.9726289737246988
CMTSOLUTION_201008160330A	0.9863925410067033	0.13151883851364948	152.7478885883336	0.8680202229849274
CMTSOLUTION_201103061231A	1.0169041765281475	0.080750293316703	69.85232439323674	0.9481469027393244
CMTSOLUTION_201103120147A	0.8739948808305333	0.06765938754024382	145.76380375456944	0.9843711723834979
CMTSOLUTION_200803242039A	1.062153133965064	0.07231842679856479	133.43728780503616	0.9669522146650318
CMTSOLUTION_200810110906A	4.263755824494954	0.07118329067290412	137.836758975869	0.67274850816489
CMTSOLUTION_201309151621A	0.9406131031520717	0.07385366016922236	129.26619928458155	0.9903689332128295
CMTSOLUTION_201103220919A	0.8912832020812007	0.13327474128184597	25.833720944207254	0.9264319780903867
CMTSOLUTION_200903061050A	0.8933776088978274	0.06667799503146912	768.6814737004124	0.9842856565323148
CMTSOLUTION_201311031103A	NOT FOUND	NOT FOUND	13.731140126532662	0.1127242473546059
CMTSOLUTION_201002152151A	1.0456683893997445	0.08514119787889622	163.08526713493444	0.9287365648883359
CMTSOLUTION_200808211224A	0.8781685484866012	0.0589794048692901	203.25875302148444	0.9671568775798811
CMTSOLUTION_201310061638A	0.9685916059763569	0.07459655399618258	74.764719405366	0.9373016470954543
CMTSOLUTION_201112072223A	1.0491241678744754	0.06834795712004604	35.72765841201941	0.9391096161853061
CMTSOLUTION_201008042201A	0.9137661947500658	0.05338706391883597	1783.339993915487	0.897570309482666
CMTSOLUTION_200907081923A	0.7635343316689127	0.04719638725431402	65.10620630615014	0.9583268448150422
CMTSOLUTION_200902111734A	0.9924224445789444	0.13556454461343292	2596.1974809779776	0.8769103362181433
CMTSOLUTION_201108071435A	1.0854265792689728	0.1303714596001462	6.428704273699919	0.8819570467055629
CMTSOLUTION_201205141000A	1.069199395938175	0.10500005139052192	124.70726416318357	0.9535593883082962
CMTSOLUTION_201206172032A	0.8181715311849936	0.027766887880298873	217.56540720510407	0.9826535959878958
CMTSOLUTION_201003040018A	1.1376338209468453	0.07803160450528278	120.34722219813399	0.8761679582600893
CMTSOLUTION_200812081839A	1.5360207973023134	0.05639197330984066	266.08328472037135	-0.8180444803195208
CMTSOLUTION_201002271545A	NOT FOUND	NOT FOUND	3.3618238310898225	-0.3639801421327633
CMTSOLUTION_200804150303A	0.9545588938255163	0.017480434087014787	47.205592197637365	0.9048203278216503
CMTSOLUTION_201302060007A	NOT FOUND	NOT FOUND	2888.645083587742	0.26326726874551454
CMTSOLUTION_200805092151A	0.9304047452793641	0.041772671185732656	1524.092893094917	0.9824453844891065
CMTSOLUTION_201105061620A	0.9213942263894361	0.07433838197448582	24.047937518274775	0.9714516775666248
CMTSOLUTION_200805231935A	0.9544746533497348	0.07729772097665338	2435.6496643194914	0.9759429261875578
CMTSOLUTION_201302061153A	NOT FOUND	NOT FOUND	8.0137202734751	0.5507642309004934
CMTSOLUTION_200908170005A	NOT FOUND	NOT FOUND	18816.493047603373	-0.5626401874122041
CMTSOLUTION_201401130401A	1.0539196846648546	0.056912326920605424	177.6022501196993	0.9840145026079301
CMTSOLUTION_201301310333A	0.8494172721956097	0.02566593286634324	20.03475063209899	0.8768693678567067
CMTSOLUTION_201011031813A	0.661512561431671	0.13255688861383597	21.807077622826434	0.7175542709027434
CMTSOLUTION_201303102251A	0.8607495017467511	0.0515563350141395	729.1148724483346	0.9757925666527903
CMTSOLUTION_201305280009A	1.4249096950709412	0.08351363008298221	17.202568379434886	0.9102117372584108
CMTSOLUTION_201304161044A	0.9192833087059514	0.0810038048282651	86670.62526228152	0.9856401022225968
CMTSOLUTION_201107312338A	1.0417162127279933	0.04219632314764057	1799.8464189571318	0.9860451184110348
CMTSOLUTION_200904010355A	0.9544214168533962	0.07188908649906049	638.0322403295054	0.9778218489102112
CMTSOLUTION_201105142107A	NOT FOUND	NOT FOUND	325.51223333477213	0.03363014218367115
CMTSOLUTION_200909301016A	2.158806953564234	0.031054692197250454	6227.192992955745	-0.9475683091279465
CMTSOLUTION_201103200826A	1.080345531537294	0.10412356456890784	37.455380727793674	0.9662837436373689
CMTSOLUTION_200905280824A	1.005204718624898	0.04502277112176658	1456.7246972608932	0.9468236367621822
CMTSOLUTION_200909031326A	1.0470256140978071	0.07089764937738918	74.01039989872923	0.9872213046536852
CMTSOLUTION_201106030005A	0.9276047250262015	0.07940923739356491	312.01349332241574	0.9789116812468861
CMTSOLUTION_201003261452A	1.9107403470765814	0.017193624021398568	23.993745549775088	-0.9036922982209683
CMTSOLUTION_201006180223A	0.7997336811787104	0.004818734605547928	169.46288886089826	0.9853267778298849
CMTSOLUTION_200808112338A	0.9593801135093394	0.07722317713235842	201.4038067388776	0.9944732419243765
CMTSOLUTION_201102140340A	NOT FOUND	NOT FOUND	31.16089850480861	0.2206459025080572
CMTSOLUTION_201306162139A	1.058910823433746	0.11634053898676044	266.5527383186193	0.9028585996561618
CMTSOLUTION_201309061133A	0.8856872596988034	0.0796613174675531	26.99103292575845	0.9621438263392065
CMTSOLUTION_201312281521A	1.5344413702062543	0.10160199546372811	63.522810371854675	0.8077075536029148
CMTSOLUTION_200810140206A	0.33934237067130646	0.013024725388493726	9.720314385435222	0.699919752207248
CMTSOLUTION_201206071603A	1.0836373215171136	0.08234159101335203	34.44723332577454	0.9665939637351544
CMTSOLUTION_201010211753A	1.6920453184667843	0.0329566967971253	582.9179855355446	0.8222619174592832
CMTSOLUTION_201103220718A	0.9251992742526606	0.052740984396840815	791.5819881862711	0.9894625058763719
CMTSOLUTION_200908050018A	0.9365906138676064	0.0908501894027116	98.07318621939173	0.9746377613432708
CMTSOLUTION_201007180556A	0.9621754919239391	0.041424258966566076	453.28646406309707	0.9811052133050531
CMTSOLUTION_201111231217A	1.0632953503851414	0.05131273783001545	73.61312624281861	0.9944273732502812
CMTSOLUTION_201203141049A	1.2982895197522781	0.03829295269496634	7.024131972758128	0.7317866511364504
CMTSOLUTION_201110140610A	0.9758796551809408	0.06100414020941717	24.43153367514697	0.9748948574013405
CMTSOLUTION_200908101955A	0.8911789504092404	0.04811722384941373	7198.921817022156	0.9862145802568607
CMTSOLUTION_201309040023A	0.8672534018659775	0.07142980385989997	926.9648090177155	0.9796247802714015
CMTSOLUTION_201003160221A	0.9749164682395808	0.04499556834499595	237.57506919220774	0.9601415214341382
CMTSOLUTION_201007181304A	0.878867428107507	0.05001647147112115	2809.241977182982	0.9539922151769794
CMTSOLUTION_201010031521A	0.3669562329013365	0.00871122547715151	15.136034899199437	-0.7517755231268664
CMTSOLUTION_201102041353A	0.8611430553207349	0.06776905967082043	281.47823703740346	0.9661808245508166
CMTSOLUTION_201007300356A	0.9150842103003664	0.0986130028361607	227.8917102026551	0.9356765100965984
CMTSOLUTION_201210240045A	0.9258809066395537	0.06887035845604245	242.82181227152367	0.9853112297497805
CMTSOLUTION_200805191426A	1.227402899789131	0.0959157663990939	57.63381864553309	0.972470874216967
CMTSOLUTION_201205071415A	0.9887659544627448	0.007758430216790777	20.334894938690056	0.8380409072102666
CMTSOLUTION_201106222150A	0.94356372562366	0.04366888916820754	793.3090549477547	0.9741041860342964
CMTSOLUTION_201401261845A	0.6300782526056292	0.054247849536971794	24.748393092648406	0.7309990350445102
CMTSOLUTION_201106011255A	0.8749162456486946	0.05695995211781175	97.15029615555088	0.9656142379342992
CMTSOLUTION_201209262339A	0.7963855866381362	0.05778969434089845	163.81510394601833	0.9686247725344274
CMTSOLUTION_200801060514A	1.0220912510286702	0.03480003962575966	267.7670094977886	0.8957727940969258
CMTSOLUTION_201209031823A	NOT FOUND	NOT FOUND	16.890156289213035	0.46788484496767124
CMTSOLUTION_201105132335A	0.7491970722455903	0.06890437341311681	53.32035215614505	0.9795557065646006
CMTSOLUTION_201008121154A	1.048555563360476	0.08279268405321155	3083.9963913716047	0.9784337750901462
CMTSOLUTION_201005060242A	1.8619273536237386	0.08517948114256867	94.9879259848552	-0.8975611179808606
CMTSOLUTION_201005251009A	1.0254393236786743	0.06618109474571804	705.0230090047191	0.9840570921298275
CMTSOLUTION_200806281254A	1.1230761720158255	0.03423732540151216	189.62273524540552	0.9939116390125149
